 Y7_=_integral_of_radiation_loss_from_impurities_[MW]
 Y8_=_integral_of_radiation_loss_from_hydrogenic_species_[MW]
 Y9_=_integral_of_power_loss_due_to_charge_exchange_[MW]
 Y10=_integral_of_power_loss_due_to_electron_impact_ionisation_[MW]
 qconv=_Convected_power_density_through_a_surface_perpendicular_to_B_[W/m2]
 qcond=_Conducted_power_density_through_a_surface_perpendicular_to_B_[W/m2]
 im_rad=_Impurity_radiation_[W/m2]
 step   x//B_[m]     te_[eV]  ne/1e20/m3    Pth_[Pa] Ptotal_[Pa]     v_[m/s]       mach   n0/1e20/m3   Power_[W]   perp_area   qtot_W/m2  qconv_W/m2  qcond_W/m2     CX_W/m3    Ion_W/m3  H_rad_W/m3 im_rad_W/m3          Y7          Y8          Y9         Y10          He          Be          C_          N_          O_          Ne          Si          Ar          Fe          Ni          Kr          Xe          W_ n01/1e20/m3 n02/1e20m-3        nv24      v/ms-1
    0    0.00000  2.000E+000  1.814E+001  1.162E+003  2.322E+003 -1.241E+004  9.990E-001  2.234E+001  4.580E+006  9.405E-002  4.869E+007  4.327E+007  5.425E+006  9.540E+009  1.182E+009  5.199E+008  1.236E+007  0.000E+000  0.000E+000  0.000E+000  0.000E+000  2.018E+006  6.953E-310  0.000E+000  0.000E+000  0.000E+000  0.000E+000  0.000E+000  2.733E-312  6.953E-310  6.953E-310  0.000E+000  1.023E+007  1.048E+005  2.031E+001  2.031E+000 -2.251E+001 -1.241E+004
    1    0.00020  2.175E+000  2.659E+001  1.853E+003  2.633E+003 -8.405E+003  6.487E-001  2.207E+001  4.881E+006  9.405E-002  5.190E+007  4.222E+007  9.679E+006  1.567E+010  2.650E+009  9.632E+008  4.717E+007  5.576E-004  1.422E-002  2.494E-001  3.709E-002  8.969E+006  6.953E-310  0.000E+000  0.000E+000  0.000E+000  0.000E+000  0.000E+000  2.733E-312  6.953E-310  6.953E-310  0.000E+000  3.789E+007  3.151E+005  2.004E+001  2.028E+000 -2.235E+001 -8.405E+003
    2    0.00021  2.188E+000  2.688E+001  1.885E+003  2.655E+003 -8.307E+003  6.393E-001  2.205E+001  4.906E+006  9.405E-002  5.217E+007  4.234E+007  9.830E+006  1.596E+010  2.752E+009  9.923E+008  5.007E+007  6.209E-004  1.549E-002  2.700E-001  4.060E-002  9.613E+006  6.953E-310  0.000E+000  0.000E+000  0.000E+000  0.000E+000  0.000E+000  2.733E-312  6.953E-310  6.953E-310  0.000E+000  4.013E+007  3.303E+005  2.002E+001  2.028E+000 -2.233E+001 -8.307E+003
    3    0.00023  2.201E+000  2.719E+001  1.918E+003  2.678E+003 -8.208E+003  6.297E-001  2.202E+001  4.934E+006  9.405E-002  5.246E+007  4.247E+007  9.993E+006  1.627E+010  2.863E+009  1.024E+009  5.331E+007  6.928E-004  1.689E-002  2.924E-001  4.451E-002  1.034E+007  6.953E-310  0.000E+000  0.000E+000  0.000E+000  0.000E+000  0.000E+000  2.733E-312  6.953E-310  6.953E-310  0.000E+000  4.262E+007  3.469E+005  1.999E+001  2.028E+000 -2.232E+001 -8.208E+003
    4    0.00024  2.215E+000  2.750E+001  1.952E+003  2.703E+003 -8.107E+003  6.200E-001  2.199E+001  4.965E+006  9.405E-002  5.279E+007  4.262E+007  1.017E+007  1.660E+010  2.984E+009  1.058E+009  5.693E+007  7.747E-004  1.844E-002  3.169E-001  4.886E-002  1.116E+007  6.953E-310  0.000E+000  0.000E+000  0.000E+000  0.000E+000  0.000E+000  2.733E-312  6.953E-310  6.953E-310  0.000E+000  4.540E+007  3.652E+005  1.996E+001  2.028E+000 -2.230E+001 -8.107E+003
    5    0.00026  2.231E+000  2.783E+001  1.989E+003  2.730E+003 -8.005E+003  6.100E-001  2.195E+001  4.998E+006  9.405E-002  5.314E+007  4.277E+007  1.037E+007  1.694E+010  3.117E+009  1.094E+009  6.089E+007  8.684E-004  2.015E-002  3.435E-001  5.371E-002  1.207E+007  6.953E-310  0.000E+000  0.000E+000  0.000E+000  0.000E+000  0.000E+000  2.733E-312  6.953E-310  6.953E-310  0.000E+000  4.843E+007  3.860E+005  1.992E+001  2.027E+000 -2.228E+001 -8.005E+003
    6    0.00028  2.247E+000  2.816E+001  2.028E+003  2.758E+003 -7.901E+003  5.999E-001  2.191E+001  5.034E+006  9.405E-002  5.353E+007  4.295E+007  1.058E+007  1.730E+010  3.263E+009  1.134E+009  6.524E+007  9.758E-004  2.205E-002  3.727E-001  5.913E-002  1.308E+007  6.953E-310  0.000E+000  0.000E+000  0.000E+000  0.000E+000  0.000E+000  2.733E-312  6.953E-310  6.953E-310  0.000E+000  5.175E+007  4.098E+005  1.989E+001  2.027E+000 -2.225E+001 -7.901E+003
    7    0.00030  2.265E+000  2.851E+001  2.069E+003  2.789E+003 -7.796E+003  5.896E-001  2.187E+001  5.075E+006  9.405E-002  5.396E+007  4.313E+007  1.082E+007  1.769E+010  3.423E+009  1.177E+009  7.013E+007  1.099E-003  2.415E-002  4.045E-001  6.521E-002  1.423E+007  6.953E-310  0.000E+000  0.000E+000  0.000E+000  0.000E+000  0.000E+000  2.733E-312  6.953E-310  6.953E-310  0.000E+000  5.546E+007  4.363E+005  1.984E+001  2.026E+000 -2.223E+001 -7.796E+003
    8    0.00032  2.284E+000  2.887E+001  2.113E+003  2.821E+003 -7.689E+003  5.791E-001  2.182E+001  5.119E+006  9.405E-002  5.443E+007  4.334E+007  1.109E+007  1.809E+010  3.600E+009  1.224E+009  7.565E+007  1.241E-003  2.648E-002  4.393E-001  7.204E-002  1.555E+007  6.953E-310  0.000E+000  0.000E+000  0.000E+000  0.000E+000  0.000E+000  2.733E-312  6.953E-310  6.953E-310  0.000E+000  5.963E+007  4.658E+005  1.979E+001  2.026E+000 -2.220E+001 -7.689E+003
    9    0.00034  2.304E+000  2.923E+001  2.159E+003  2.856E+003 -7.581E+003  5.685E-001  2.176E+001  5.167E+006  9.405E-002  5.494E+007  4.356E+007  1.138E+007  1.852E+010  3.796E+009  1.275E+009  8.191E+007  1.405E-003  2.908E-002  4.773E-001  7.972E-002  1.707E+007  6.953E-310  0.000E+000  0.000E+000  0.000E+000  0.000E+000  0.000E+000  2.733E-312  6.953E-310  6.953E-310  0.000E+000  6.434E+007  4.988E+005  1.974E+001  2.025E+000 -2.216E+001 -7.581E+003
   10    0.00037  2.326E+000  2.961E+001  2.207E+003  2.893E+003 -7.472E+003  5.576E-001  2.170E+001  5.221E+006  9.405E-002  5.551E+007  4.379E+007  1.172E+007  1.897E+010  4.013E+009  1.331E+009  8.904E+007  1.595E-003  3.198E-002  5.190E-001  8.840E-002  1.882E+007  6.953E-310  0.000E+000  0.000E+000  0.000E+000  0.000E+000  0.000E+000  2.733E-312  6.953E-310  6.953E-310  0.000E+000  6.968E+007  5.357E+005  1.967E+001  2.025E+000 -2.212E+001 -7.472E+003
   11    0.00039  2.350E+000  2.999E+001  2.258E+003  2.933E+003 -7.362E+003  5.466E-001  2.163E+001  5.279E+006  9.405E-002  5.614E+007  4.405E+007  1.209E+007  1.945E+010  4.253E+009  1.391E+009  9.703E+007  1.815E-003  3.521E-002  5.646E-001  9.822E-002  2.082E+007  6.953E-310  0.000E+000  0.000E+000  0.000E+000  0.000E+000  0.000E+000  2.733E-312  6.953E-310  6.953E-310  0.000E+000  7.564E+007  5.776E+005  1.960E+001  2.024E+000 -2.208E+001 -7.362E+003
   12    0.00042  2.375E+000  3.039E+001  2.313E+003  2.976E+003 -7.250E+003  5.354E-001  2.155E+001  5.345E+006  9.405E-002  5.683E+007  4.432E+007  1.250E+007  1.995E+010  4.521E+009  1.458E+009  1.057E+008  2.072E-003  3.883E-002  6.147E-001  1.094E-001  2.300E+007  6.953E-310  0.000E+000  0.000E+000  0.000E+000  0.000E+000  0.000E+000  2.733E-312  6.953E-310  6.953E-310  0.000E+000  8.204E+007  6.260E+005  1.952E+001  2.023E+000 -2.203E+001 -7.250E+003
   13    0.00045  2.402E+000  3.079E+001  2.370E+003  3.021E+003 -7.137E+003  5.241E-001  2.145E+001  5.417E+006  9.405E-002  5.759E+007  4.462E+007  1.298E+007  2.047E+010  4.819E+009  1.530E+009  1.155E+008  2.372E-003  4.289E-002  6.696E-001  1.220E-001  2.554E+007  6.953E-310  0.000E+000  0.000E+000  0.000E+000  0.000E+000  0.000E+000  2.733E-312  6.953E-310  6.953E-310  0.000E+000  8.932E+007  6.809E+005  1.943E+001  2.022E+000 -2.198E+001 -7.137E+003
   14    0.00048  2.432E+000  3.120E+001  2.431E+003  3.070E+003 -7.023E+003  5.126E-001  2.135E+001  5.496E+006  9.405E-002  5.844E+007  4.493E+007  1.351E+007  2.102E+010  5.153E+009  1.609E+009  1.269E+008  2.724E-003  4.745E-002  7.299E-001  1.365E-001  2.850E+007  6.953E-310  0.000E+000  0.000E+000  0.000E+000  0.000E+000  0.000E+000  2.733E-312  6.953E-310  6.953E-310  0.000E+000  9.764E+007  7.435E+005  1.933E+001  2.021E+000 -2.191E+001 -7.023E+003
   15    0.00051  2.464E+000  3.161E+001  2.496E+003  3.122E+003 -6.908E+003  5.009E-001  2.123E+001  5.584E+006  9.405E-002  5.938E+007  4.527E+007  1.411E+007  2.160E+010  5.528E+009  1.696E+009  1.400E+008  3.139E-003  5.258E-002  7.960E-001  1.531E-001  3.199E+007  6.953E-310  0.000E+000  0.000E+000  0.000E+000  0.000E+000  0.000E+000  2.733E-312  6.953E-310  6.953E-310  0.000E+000  1.072E+008  8.153E+005  1.921E+001  2.020E+000 -2.184E+001 -6.908E+003
   16    0.00055  2.498E+000  3.203E+001  2.564E+003  3.177E+003 -6.792E+003  4.891E-001  2.109E+001  5.683E+006  9.405E-002  6.042E+007  4.562E+007  1.480E+007  2.220E+010  5.949E+009  1.792E+009  1.544E+008  3.628E-003  5.837E-002  8.688E-001  1.722E-001  3.587E+007  6.953E-310  0.000E+000  0.000E+000  0.000E+000  0.000E+000  0.000E+000  2.733E-312  6.953E-310  6.953E-310  0.000E+000  1.176E+008  8.979E+005  1.907E+001  2.018E+000 -2.175E+001 -6.792E+003
   17    0.00058  2.535E+000  3.245E+001  2.636E+003  3.236E+003 -6.675E+003  4.771E-001  2.093E+001  5.792E+006  9.405E-002  6.158E+007  4.599E+007  1.559E+007  2.282E+010  6.425E+009  1.897E+009  1.708E+008  4.206E-003  6.492E-002  9.487E-001  1.941E-001  4.034E+007  6.953E-310  0.000E+000  0.000E+000  0.000E+000  0.000E+000  0.000E+000  2.733E-312  6.953E-310  6.953E-310  0.000E+000  1.294E+008  9.934E+005  1.891E+001  2.017E+000 -2.166E+001 -6.675E+003
   18    0.00062  2.576E+000  3.286E+001  2.712E+003  3.299E+003 -6.557E+003  4.650E-001  2.075E+001  5.913E+006  9.405E-002  6.287E+007  4.638E+007  1.649E+007  2.346E+010  6.962E+009  2.012E+009  1.898E+008  4.890E-003  7.233E-002  1.037E+000  2.195E-001  4.564E+007  6.953E-310  0.000E+000  0.000E+000  0.000E+000  0.000E+000  0.000E+000  2.733E-312  6.953E-310  6.953E-310  0.000E+000  1.430E+008  1.104E+006  1.873E+001  2.015E+000 -2.155E+001 -6.557E+003
   19    0.00067  2.620E+000  3.327E+001  2.793E+003  3.365E+003 -6.437E+003  4.527E-001  2.053E+001  6.048E+006  9.405E-002  6.431E+007  4.679E+007  1.752E+007  2.411E+010  7.571E+009  2.139E+009  2.115E+008  5.702E-003  8.076E-002  1.133E+000  2.490E-001  5.177E+007  6.953E-310  0.000E+000  0.000E+000  0.000E+000  0.000E+000  0.000E+000  2.733E-312  6.953E-310  6.953E-310  0.000E+000  1.585E+008  1.232E+006  1.852E+001  2.012E+000 -2.142E+001 -6.437E+003
   20    0.00071  2.668E+000  3.366E+001  2.878E+003  3.436E+003 -6.316E+003  4.401E-001  2.028E+001  6.199E+006  9.405E-002  6.591E+007  4.721E+007  1.870E+007  2.477E+010  8.262E+009  2.278E+009  2.354E+008  6.670E-003  9.034E-002  1.239E+000  2.833E-001  5.850E+007  6.953E-310  0.000E+000  0.000E+000  0.000E+000  0.000E+000  0.000E+000  2.733E-312  6.953E-310  6.953E-310  0.000E+000  1.755E+008  1.376E+006  1.827E+001  2.010E+000 -2.126E+001 -6.316E+003
   21    0.00076  2.721E+000  3.405E+001  2.968E+003  3.510E+003 -6.194E+003  4.274E-001  1.999E+001  6.368E+006  9.405E-002  6.771E+007  4.764E+007  2.007E+007  2.542E+010  9.047E+009  2.431E+009  2.632E+008  7.826E-003  1.013E-001  1.356E+000  3.234E-001  6.649E+007  6.953E-310  0.000E+000  0.000E+000  0.000E+000  0.000E+000  0.000E+000  2.733E-312  6.953E-310  6.953E-310  0.000E+000  1.952E+008  1.545E+006  1.798E+001  2.007E+000 -2.109E+001 -6.194E+003
   22    0.00082  2.778E+000  3.441E+001  3.063E+003  3.589E+003 -6.068E+003  4.144E-001  1.965E+001  6.556E+006  9.405E-002  6.971E+007  4.806E+007  2.165E+007  2.606E+010  9.939E+009  2.597E+009  2.945E+008  9.208E-003  1.137E-001  1.483E+000  3.705E-001  7.542E+007  6.953E-310  0.000E+000  0.000E+000  0.000E+000  0.000E+000  0.000E+000  2.733E-312  6.953E-310  6.953E-310  0.000E+000  2.173E+008  1.734E+006  1.765E+001  2.003E+000 -2.088E+001 -6.068E+003
   23    0.00087  2.841E+000  3.474E+001  3.162E+003  3.671E+003 -5.940E+003  4.011E-001  1.925E+001  6.767E+006  9.405E-002  7.196E+007  4.847E+007  2.348E+007  2.665E+010  1.095E+010  2.777E+009  3.294E+008  1.086E-002  1.280E-001  1.623E+000  4.259E-001  8.526E+007  6.953E-310  0.000E+000  0.000E+000  0.000E+000  0.000E+000  0.000E+000  2.733E-312  6.953E-310  6.953E-310  0.000E+000  2.422E+008  1.942E+006  1.725E+001  1.998E+000 -2.063E+001 -5.940E+003
   24    0.00093  2.910E+000  3.503E+001  3.266E+003  3.757E+003 -5.808E+003  3.875E-001  1.878E+001  7.004E+006  9.405E-002  7.447E+007  4.885E+007  2.561E+007  2.718E+010  1.210E+010  2.971E+009  3.697E+008  1.284E-002  1.443E-001  1.776E+000  4.912E-001  9.667E+007  6.953E-310  0.000E+000  0.000E+000  0.000E+000  0.000E+000  0.000E+000  2.733E-312  6.953E-310  6.953E-310  0.000E+000  2.708E+008  2.182E+006  1.679E+001  1.993E+000 -2.035E+001 -5.808E+003
   25    0.00100  2.986E+000  3.528E+001  3.375E+003  3.846E+003 -5.671E+003  3.735E-001  1.822E+001  7.268E+006  9.405E-002  7.728E+007  4.919E+007  2.809E+007  2.761E+010  1.338E+010  3.177E+009  4.141E+008  1.522E-002  1.629E-001  1.942E+000  5.683E-001  1.085E+008  6.953E-310  0.000E+000  0.000E+000  0.000E+000  0.000E+000  0.000E+000  2.733E-312  6.953E-310  6.953E-310  0.000E+000  3.032E+008  2.431E+006  1.624E+001  1.986E+000 -2.000E+001 -5.671E+003
   26    0.00107  3.069E+000  3.546E+001  3.488E+003  3.938E+003 -5.529E+003  3.592E-001  1.758E+001  7.561E+006  9.405E-002  8.040E+007  4.945E+007  3.094E+007  2.784E+010  1.426E+010  3.286E+009  4.650E+008  1.806E-002  1.839E-001  2.122E+000  6.582E-001  1.218E+008  6.953E-310  0.000E+000  0.000E+000  0.000E+000  0.000E+000  0.000E+000  2.733E-312  6.953E-310  6.953E-310  0.000E+000  3.405E+008  2.713E+006  1.560E+001  1.978E+000 -1.961E+001 -5.529E+003
   27    0.00114  3.161E+000  3.557E+001  3.603E+003  4.031E+003 -5.386E+003  3.448E-001  1.685E+001  7.883E+006  9.405E-002  8.382E+007  4.967E+007  3.415E+007  2.790E+010  1.504E+010  3.363E+009  5.200E+008  2.148E-002  2.070E-001  2.315E+000  7.598E-001  1.348E+008  6.953E-310  0.000E+000  0.000E+000  0.000E+000  0.000E+000  0.000E+000  2.733E-312  6.953E-310  6.953E-310  0.000E+000  3.822E+008  2.991E+006  1.488E+001  1.969E+000 -1.916E+001 -5.386E+003
   28    0.00122  3.261E+000  3.559E+001  3.719E+003  4.125E+003 -5.241E+003  3.303E-001  1.604E+001  8.233E+006  9.405E-002  8.754E+007  4.979E+007  3.774E+007  2.776E+010  1.580E+010  3.421E+009  5.814E+008  2.556E-002  2.321E-001  2.521E+000  8.741E-001  1.485E+008  6.953E-310  0.000E+000  0.000E+000  0.000E+000  0.000E+000  0.000E+000  2.733E-312  6.953E-310  6.953E-310  0.000E+000  4.297E+008  3.289E+006  1.408E+001  1.958E+000 -1.865E+001 -5.241E+003
   29    0.00130  3.371E+000  3.552E+001  3.837E+003  4.219E+003 -5.091E+003  3.157E-001  1.513E+001  8.611E+006  9.405E-002  9.156E+007  4.981E+007  4.175E+007  2.739E+010  1.650E+010  3.454E+009  6.484E+008  3.043E-002  2.594E-001  2.740E+000  1.002E+000  1.616E+008  6.953E-310  0.000E+000  0.000E+000  0.000E+000  0.000E+000  0.000E+000  2.733E-312  6.953E-310  6.953E-310  0.000E+000  4.833E+008  3.588E+006  1.319E+001  1.945E+000 -1.809E+001 -5.091E+003
   30    0.00139  3.489E+000  3.536E+001  3.954E+003  4.311E+003 -4.937E+003  3.008E-001  1.413E+001  9.018E+006  9.405E-002  9.589E+007  4.968E+007  4.621E+007  2.673E+010  1.710E+010  3.455E+009  7.205E+008  3.623E-002  2.887E-001  2.969E+000  1.145E+000  1.737E+008  6.953E-310  0.000E+000  0.000E+000  0.000E+000  0.000E+000  0.000E+000  2.733E-312  6.953E-310  6.953E-310  0.000E+000  5.429E+008  3.892E+006  1.220E+001  1.930E+000 -1.746E+001 -4.937E+003
   31    0.00149  3.618E+000  3.509E+001  4.069E+003  4.401E+003 -4.777E+003  2.858E-001  1.304E+001  9.451E+006  9.405E-002  1.005E+008  4.938E+007  5.111E+007  2.576E+010  1.754E+010  3.416E+009  7.980E+008  4.310E-002  3.198E-001  3.207E+000  1.302E+000  1.850E+008  6.953E-310  0.000E+000  0.000E+000  0.000E+000  0.000E+000  0.000E+000  2.733E-312  6.953E-310  6.953E-310  0.000E+000  6.088E+008  4.205E+006  1.112E+001  1.912E+000 -1.676E+001 -4.777E+003
   32    0.00159  3.757E+000  3.472E+001  4.180E+003  4.486E+003 -4.610E+003  2.707E-001  1.186E+001  9.907E+006  9.405E-002  1.053E+008  4.888E+007  5.646E+007  2.444E+010  1.777E+010  3.329E+009  8.789E+008  5.121E-002  3.525E-001  3.450E+000  1.473E+000  1.946E+008  6.953E-310  0.000E+000  0.000E+000  0.000E+000  0.000E+000  0.000E+000  2.733E-312  6.953E-310  6.953E-310  0.000E+000  6.798E+008  4.523E+006  9.968E+000  1.891E+000 -1.601E+001 -4.610E+003
   33    0.00170  3.906E+000  3.425E+001  4.286E+003  4.566E+003 -4.436E+003  2.555E-001  1.061E+001  1.038E+007  9.405E-002  1.104E+008  4.815E+007  6.220E+007  2.279E+010  1.772E+010  3.190E+009  9.629E+008  6.075E-002  3.863E-001  3.695E+000  1.657E+000  2.029E+008  6.953E-310  0.000E+000  0.000E+000  0.000E+000  0.000E+000  0.000E+000  2.733E-312  6.953E-310  6.953E-310  0.000E+000  7.551E+008  4.865E+006  8.745E+000  1.867E+000 -1.519E+001 -4.436E+003
   34    0.00182  4.064E+000  3.368E+001  4.385E+003  4.639E+003 -4.256E+003  2.403E-001  9.321E+000  1.086E+007  9.405E-002  1.155E+008  4.720E+007  6.827E+007  2.081E+010  1.734E+010  2.997E+009  1.049E+009  7.189E-002  4.206E-001  3.937E+000  1.851E+000  2.104E+008  6.953E-310  0.000E+000  0.000E+000  0.000E+000  0.000E+000  0.000E+000  2.733E-312  6.953E-310  6.953E-310  0.000E+000  8.335E+008  5.229E+006  7.483E+000  1.838E+000 -1.433E+001 -4.256E+003
   35    0.00194  4.232E+000  3.301E+001  4.476E+003  4.703E+003 -4.073E+003  2.253E-001  8.020E+000  1.134E+007  9.405E-002  1.206E+008  4.604E+007  7.455E+007  1.858E+010  1.660E+010  2.754E+009  1.136E+009  8.483E-002  4.547E-001  4.170E+000  2.052E+000  2.174E+008  6.953E-310  0.000E+000  0.000E+000  0.000E+000  0.000E+000  0.000E+000  2.733E-312  6.953E-310  6.953E-310  0.000E+000  9.131E+008  5.617E+006  6.216E+000  1.804E+000 -1.344E+001 -4.073E+003
   36    0.00208  4.408E+000  3.226E+001  4.557E+003  4.759E+003 -3.888E+003  2.108E-001  6.750E+000  1.181E+007  9.405E-002  1.256E+008  4.469E+007  8.091E+007  1.619E+010  1.552E+010  2.470E+009  1.222E+009  9.975E-002  4.877E-001  4.390E+000  2.256E+000  2.249E+008  6.953E-310  0.000E+000  0.000E+000  0.000E+000  0.000E+000  0.000E+000  2.733E-312  6.953E-310  6.953E-310  0.000E+000  9.909E+008  6.029E+006  4.985E+000  1.765E+000 -1.254E+001 -3.888E+003
   37    0.00222  4.593E+000  3.144E+001  4.627E+003  4.806E+003 -3.707E+003  1.969E-001  5.557E+000  1.226E+007  9.405E-002  1.304E+008  4.321E+007  8.720E+007  1.376E+010  1.416E+010  2.161E+009  1.306E+009  1.169E-001  5.191E-001  4.592E+000  2.457E+000  2.341E+008  6.953E-310  0.000E+000  0.000E+000  0.000E+000  0.000E+000  0.000E+000  2.733E-312  6.953E-310  6.953E-310  0.000E+000  1.065E+009  6.462E+006  3.838E+000  1.719E+000 -1.165E+001 -3.707E+003
   38    0.00238  4.783E+000  3.058E+001  4.687E+003  4.845E+003 -3.531E+003  1.838E-001  4.483E+000  1.269E+007  9.405E-002  1.349E+008  4.165E+007  9.326E+007  1.143E+010  1.263E+010  1.848E+009  1.387E+009  1.363E-001  5.480E-001  4.774E+000  2.651E+000  2.454E+008  6.953E-310  0.000E+000  0.000E+000  0.000E+000  0.000E+000  0.000E+000  2.733E-312  6.953E-310  6.953E-310  0.000E+000  1.134E+009  6.910E+006  2.816E+000  1.667E+000 -1.080E+001 -3.531E+003
   39    0.00254  4.980E+000  2.968E+001  4.737E+003  4.876E+003 -3.365E+003  1.716E-001  3.562E+000  1.308E+007  9.405E-002  1.391E+008  4.008E+007  9.899E+007  9.330E+009  1.105E+010  1.552E+009  1.465E+009  1.584E-001  5.742E-001  4.934E+000  2.833E+000  2.591E+008  6.953E-310  0.000E+000  0.000E+000  0.000E+000  0.000E+000  0.000E+000  2.733E-312  6.953E-310  6.953E-310  0.000E+000  1.198E+009  7.377E+006  1.955E+000  1.607E+000 -9.989E+000 -3.365E+003
   40    0.00272  5.181E+000  2.878E+001  4.778E+003  4.901E+003 -3.212E+003  1.606E-001  2.819E+000  1.343E+007  9.405E-002  1.429E+008  3.857E+007  1.043E+008  7.560E+009  9.290E+009  1.271E+009  1.540E+009  1.833E-001  5.975E-001  5.073E+000  3.002E+000  2.767E+008  6.953E-310  0.000E+000  0.000E+000  0.000E+000  0.000E+000  0.000E+000  2.733E-312  6.953E-310  6.953E-310  0.000E+000  1.256E+009  7.876E+006  1.279E+000  1.540E+000 -9.244E+000 -3.212E+003
   41    0.00291  5.386E+000  2.788E+001  4.811E+003  4.921E+003 -3.076E+003  1.509E-001  2.262E+000  1.376E+007  9.405E-002  1.463E+008  3.717E+007  1.091E+008  6.196E+009  7.865E+009  1.049E+009  1.612E+009  2.112E-001  6.179E-001  5.194E+000  3.153E+000  2.984E+008  6.953E-310  0.000E+000  0.000E+000  0.000E+000  0.000E+000  0.000E+000  2.733E-312  6.953E-310  6.953E-310  0.000E+000  1.306E+009  8.410E+006  7.932E-001  1.468E+000 -8.577E+000 -3.076E+003
   42    0.00311  5.593E+000  2.700E+001  4.839E+003  4.937E+003 -2.950E+003  1.420E-001  1.854E+000  1.405E+007  9.405E-002  1.494E+008  3.584E+007  1.135E+008  5.182E+009  6.790E+009  8.845E+008  1.682E+009  2.423E-001  6.361E-001  5.301E+000  3.291E+000  3.233E+008  6.953E-310  0.000E+000  0.000E+000  0.000E+000  0.000E+000  0.000E+000  2.733E-312  6.953E-310  6.953E-310  0.000E+000  1.350E+009  8.974E+006  4.631E-001  1.391E+000 -7.967E+000 -2.950E+003
   43    0.00332  5.803E+000  2.616E+001  4.864E+003  4.951E+003 -2.828E+003  1.336E-001  1.562E+000  1.433E+007  9.405E-002  1.523E+008  3.451E+007  1.178E+008  4.448E+009  6.012E+009  7.649E+008  1.750E+009  2.770E-001  6.527E-001  5.398E+000  3.419E+000  3.514E+008  6.953E-310  0.000E+000  0.000E+000  0.000E+000  0.000E+000  0.000E+000  2.733E-312  6.953E-310  6.953E-310  0.000E+000  1.389E+009  9.572E+006  2.529E-001  1.309E+000 -7.397E+000 -2.828E+003
   44    0.00355  6.015E+000  2.534E+001  4.885E+003  4.962E+003 -2.703E+003  1.254E-001  1.352E+000  1.459E+007  9.405E-002  1.552E+008  3.312E+007  1.221E+008  3.917E+009  5.456E+009  6.785E+008  1.814E+009  3.155E-001  6.683E-001  5.488E+000  3.543E+000  3.834E+008  6.953E-310  0.000E+000  0.000E+000  0.000E+000  0.000E+000  0.000E+000  2.733E-312  6.953E-310  6.953E-310  0.000E+000  1.420E+009  1.021E+007  1.283E-001  1.223E+000 -6.850E+000 -2.703E+003
   45    0.00380  6.231E+000  2.457E+001  4.905E+003  4.972E+003 -2.570E+003  1.172E-001  1.194E+000  1.486E+007  9.405E-002  1.580E+008  3.161E+007  1.264E+008  3.519E+009  5.048E+009  6.138E+008  1.876E+009  3.582E-001  6.831E-001  5.573E+000  3.664E+000  4.176E+008  6.953E-310  0.000E+000  0.000E+000  0.000E+000  0.000E+000  0.000E+000  2.733E-312  6.953E-310  6.953E-310  0.000E+000  1.448E+009  1.086E+007  6.006E-002  1.133E+000 -6.315E+000 -2.570E+003
   46    0.00406  6.449E+000  2.382E+001  4.923E+003  4.981E+003 -2.427E+003  1.088E-001  1.067E+000  1.512E+007  9.405E-002  1.608E+008  2.994E+007  1.309E+008  3.196E+009  4.721E+009  5.615E+008  1.938E+009  4.053E-001  6.976E-001  5.656E+000  3.785E+000  4.541E+008  6.953E-310  0.000E+000  0.000E+000  0.000E+000  0.000E+000  0.000E+000  2.733E-312  6.953E-310  6.953E-310  0.000E+000  1.472E+009  1.154E+007  2.583E-002  1.041E+000 -5.782E+000 -2.427E+003
   47    0.00434  6.671E+000  2.311E+001  4.940E+003  4.989E+003 -2.271E+003  1.001E-001  9.561E-001  1.539E+007  9.405E-002  1.636E+008  2.810E+007  1.355E+008  2.912E+009  4.424E+009  5.149E+008  1.994E+009  4.572E-001  7.118E-001  5.737E+000  3.905E+000  4.918E+008  6.953E-310  0.000E+000  0.000E+000  0.000E+000  0.000E+000  0.000E+000  2.733E-312  6.953E-310  6.953E-310  0.000E+000  1.489E+009  1.222E+007  1.017E-002  9.460E-001 -5.248E+000 -2.271E+003
   48    0.00464  6.897E+000  2.242E+001  4.955E+003  4.996E+003 -2.103E+003  9.113E-002  8.540E-001  1.566E+007  9.405E-002  1.665E+008  2.609E+007  1.404E+008  2.641E+009  4.127E+009  4.702E+008  2.047E+009  5.143E-001  7.257E-001  5.815E+000  4.026E+000  5.300E+008  6.953E-310  0.000E+000  0.000E+000  0.000E+000  0.000E+000  0.000E+000  2.733E-312  6.953E-310  6.953E-310  0.000E+000  1.504E+009  1.291E+007  3.702E-003  8.503E-001 -4.714E+000 -2.103E+003
   49    0.00496  7.128E+000  2.175E+001  4.969E+003  5.002E+003 -1.924E+003  8.202E-002  7.564E-001  1.593E+007  9.405E-002  1.694E+008  2.393E+007  1.455E+008  2.374E+009  3.774E+009  4.217E+008  2.097E+009  5.768E-001  7.392E-001  5.891E+000  4.146E+000  5.680E+008  6.953E-310  0.000E+000  0.000E+000  0.000E+000  0.000E+000  0.000E+000  2.733E-312  6.953E-310  6.953E-310  0.000E+000  1.515E+009  1.359E+007  1.394E-003  7.550E-001 -4.185E+000 -1.924E+003
   50    0.00531  7.363E+000  2.111E+001  4.981E+003  5.007E+003 -1.741E+003  7.302E-002  6.635E-001  1.620E+007  9.405E-002  1.723E+008  2.170E+007  1.506E+008  2.112E+009  3.387E+009  3.715E+008  2.138E+009  6.453E-001  7.520E-001  5.963E+000  4.261E+000  6.026E+008  6.953E-310  0.000E+000  0.000E+000  0.000E+000  0.000E+000  0.000E+000  2.733E-312  6.953E-310  6.953E-310  0.000E+000  1.521E+009  1.425E+007  5.393E-004  6.630E-001 -3.675E+000 -1.741E+003
   51    0.00567  7.603E+000  2.048E+001  4.991E+003  5.011E+003 -1.556E+003  6.422E-002  5.753E-001  1.647E+007  9.405E-002  1.751E+008  1.943E+007  1.557E+008  1.856E+009  3.003E+009  3.234E+008  2.175E+009  7.197E-001  7.640E-001  6.031E+000  4.371E+000  6.360E+008  6.953E-310  0.000E+000  0.000E+000  0.000E+000  0.000E+000  0.000E+000  2.733E-312  6.953E-310  6.953E-310  0.000E+000  1.524E+009  1.490E+007  2.732E-004  5.751E-001 -3.187E+000 -1.556E+003
   52    0.00606  7.848E+000  1.988E+001  4.999E+003  5.015E+003 -1.372E+003  5.576E-002  4.925E-001  1.673E+007  9.405E-002  1.778E+008  1.716E+007  1.607E+008  1.609E+009  2.625E+009  2.790E+008  2.201E+009  8.005E-001  7.751E-001  6.095E+000  4.475E+000  6.637E+008  6.953E-310  0.000E+000  0.000E+000  0.000E+000  0.000E+000  0.000E+000  2.733E-312  6.953E-310  6.953E-310  0.000E+000  1.522E+009  1.552E+007  2.056E-004  4.923E-001 -2.728E+000 -1.372E+003
   53    0.00648  8.098E+000  1.929E+001  5.006E+003  5.017E+003 -1.194E+003  4.775E-002  4.157E-001  1.698E+007  9.405E-002  1.805E+008  1.495E+007  1.656E+008  1.376E+009  2.254E+009  2.411E+008  2.220E+009  8.878E-001  7.853E-001  6.154E+000  4.571E+000  6.872E+008  6.953E-310  0.000E+000  0.000E+000  0.000E+000  0.000E+000  0.000E+000  2.733E-312  6.953E-310  6.953E-310  0.000E+000  1.517E+009  1.612E+007  1.560E-004  4.156E-001 -2.303E+000 -1.194E+003
   54    0.00693  8.352E+000  1.873E+001  5.011E+003  5.019E+003 -1.023E+003  4.030E-002  3.459E-001  1.722E+007  9.405E-002  1.831E+008  1.282E+007  1.703E+008  1.158E+009  1.906E+009  2.053E+008  2.231E+009  9.818E-001  7.947E-001  6.208E+000  4.659E+000  7.056E+008  6.953E-310  0.000E+000  0.000E+000  0.000E+000  0.000E+000  0.000E+000  2.733E-312  6.953E-310  6.953E-310  0.000E+000  1.509E+009  1.670E+007  1.712E-004  3.457E-001 -1.916E+000 -1.023E+003
   55    0.00741  8.610E+000  1.818E+001  5.015E+003  5.021E+003 -8.628E+002  3.347E-002  2.832E-001  1.746E+007  9.405E-002  1.856E+008  1.082E+007  1.748E+008  9.595E+008  1.586E+009  1.720E+008  2.230E+009  1.082E+000  8.032E-001  6.255E+000  4.737E+000  7.166E+008  6.953E-310  0.000E+000  0.000E+000  0.000E+000  0.000E+000  0.000E+000  2.733E-312  6.953E-310  6.953E-310  0.000E+000  1.497E+009  1.724E+007  1.736E-004  2.830E-001 -1.568E+000 -8.628E+002
   56    0.00793  8.873E+000  1.765E+001  5.018E+003  5.022E+003 -7.150E+002  2.732E-002  2.278E-001  1.768E+007  9.405E-002  1.880E+008  8.971E+006  1.791E+008  7.808E+008  1.297E+009  1.416E+008  2.226E+009  1.190E+000  8.108E-001  6.297E+000  4.807E+000  7.248E+008  6.953E-310  0.000E+000  0.000E+000  0.000E+000  0.000E+000  0.000E+000  2.733E-312  6.953E-310  6.953E-310  0.000E+000  1.483E+009  1.778E+007  1.346E-004  2.277E-001 -1.262E+000 -7.150E+002
   57    0.00847  9.140E+000  1.714E+001  5.020E+003  5.023E+003 -5.813E+002  2.189E-002  1.799E-001  1.790E+007  9.405E-002  1.903E+008  7.297E+006  1.830E+008  6.233E+008  1.040E+009  1.143E+008  2.206E+009  1.304E+000  8.174E-001  6.333E+000  4.867E+000  7.232E+008  6.953E-310  0.000E+000  0.000E+000  0.000E+000  0.000E+000  0.000E+000  2.733E-312  6.953E-310  6.953E-310  0.000E+000  1.465E+009  1.826E+007  9.017E-005  1.798E-001 -9.964E-001 -5.813E+002
   58    0.00906  9.411E+000  1.665E+001  5.022E+003  5.023E+003 -4.631E+002  1.718E-002  1.393E-001  1.811E+007  9.405E-002  1.925E+008  5.814E+006  1.867E+008  4.877E+008  8.173E+008  9.052E+007  2.184E+009  1.425E+000  8.230E-001  6.364E+000  4.918E+000  7.198E+008  6.953E-310  0.000E+000  0.000E+000  0.000E+000  0.000E+000  0.000E+000  2.733E-312  6.953E-310  6.953E-310  0.000E+000  1.446E+009  1.874E+007  1.322E-004  1.391E-001 -7.711E-001 -4.631E+002
   59    0.00969  9.685E+000  1.618E+001  5.023E+003  5.023E+003 -3.607E+002  1.319E-002  1.055E-001  1.831E+007  9.405E-002  1.947E+008  4.530E+006  1.901E+008  3.732E+008  6.283E+008  7.008E+007  2.152E+009  1.553E+000  8.277E-001  6.389E+000  4.960E+000  7.094E+008  6.953E-310  0.000E+000  0.000E+000  0.000E+000  0.000E+000  0.000E+000  2.733E-312  6.953E-310  6.953E-310  0.000E+000  1.423E+009  1.917E+007  1.370E-004  1.053E-001 -5.838E-001 -3.607E+002
   60    0.01036  9.963E+000  1.573E+001  5.023E+003  5.024E+003 -2.742E+002  9.887E-003  7.763E-002  1.850E+007  9.405E-002  1.967E+008  3.443E+006  1.933E+008  2.776E+008  4.694E+008  5.273E+007  2.117E+009  1.688E+000  8.315E-001  6.409E+000  4.994E+000  6.969E+008  6.953E-310  0.000E+000  0.000E+000  0.000E+000  0.000E+000  0.000E+000  2.733E-312  6.953E-310  6.953E-310  0.000E+000  1.400E+009  1.959E+007 -2.394E-004  7.787E-002 -4.314E-001 -2.742E+002
   61    0.01107  1.024E+001  1.530E+001  5.023E+003  5.024E+003 -2.036E+002  7.239E-003  5.634E-002  1.869E+007  9.405E-002  1.987E+008  2.556E+006  1.962E+008  2.035E+008  3.421E+008  3.886E+007  2.075E+009  1.829E+000  8.346E-001  6.425E+000  5.022E+000  6.799E+008  6.953E-310  0.000E+000  0.000E+000  0.000E+000  0.000E+000  0.000E+000  2.733E-312  6.953E-310  6.953E-310  0.000E+000  1.375E+009  1.999E+007  1.425E-004  5.619E-002 -3.115E-001 -2.036E+002
   62    0.01184  1.053E+001  1.489E+001  5.024E+003  5.024E+003 -1.473E+002  5.168E-003  3.937E-002  1.887E+007  9.405E-002  2.007E+008  1.850E+006  1.988E+008  1.436E+008  2.397E+008  2.754E+007  2.031E+009  1.977E+000  8.370E-001  6.438E+000  5.042E+000  6.612E+008  6.953E-310  0.000E+000  0.000E+000  0.000E+000  0.000E+000  0.000E+000  2.733E-312  6.953E-310  6.953E-310  0.000E+000  1.349E+009  2.036E+007 -2.388E-004  3.961E-002 -2.194E-001 -1.473E+002
   63    0.01266  1.082E+001  1.449E+001  5.024E+003  5.024E+003 -1.041E+002  3.602E-003  2.721E-002  1.905E+007  9.405E-002  2.026E+008  1.307E+006  2.013E+008  1.002E+008  1.661E+008  1.930E+007  1.982E+009  2.131E+000  8.388E-001  6.447E+000  5.058E+000  6.399E+008  6.953E-310  0.000E+000  0.000E+000  0.000E+000  0.000E+000  0.000E+000  2.733E-312  6.953E-310  6.953E-310  0.000E+000  1.322E+009  2.071E+007 -1.618E-005  2.722E-002 -1.509E-001 -1.041E+002
   64    0.01353  1.111E+001  1.411E+001  5.024E+003  5.024E+003 -7.152E+001  2.442E-003  1.820E-002  1.924E+007  9.405E-002  2.045E+008  8.982E+005  2.036E+008  6.767E+007  1.114E+008  1.309E+007  1.932E+009  2.293E+000  8.401E-001  6.454E+000  5.069E+000  6.176E+008  6.953E-310  0.000E+000  0.000E+000  0.000E+000  0.000E+000  0.000E+000  2.733E-312  6.953E-310  6.953E-310  0.000E+000  1.294E+009  2.103E+007 -1.692E-005  1.821E-002 -1.009E-001 -7.152E+001
   65    0.01447  1.140E+001  1.375E+001  5.024E+003  5.024E+003 -4.775E+001  1.609E-003  1.190E-002  1.942E+007  9.405E-002  2.065E+008  5.997E+005  2.059E+008  4.468E+007  7.304E+007  8.683E+006  1.880E+009  2.461E+000  8.410E-001  6.459E+000  5.077E+000  5.939E+008  6.953E-310  0.000E+000  0.000E+000  0.000E+000  0.000E+000  0.000E+000  2.733E-312  6.953E-310  6.953E-310  0.000E+000  1.265E+009  2.134E+007  6.436E-005  1.184E-002 -6.564E-002 -4.775E+001
   66    0.01547  1.170E+001  1.340E+001  5.024E+003  5.024E+003 -3.073E+001  1.022E-003  7.150E-003  1.960E+007  9.405E-002  2.084E+008  3.859E+005  2.080E+008  2.709E+007  4.399E+007  5.287E+006  1.827E+009  2.635E+000  8.417E-001  6.462E+000  5.083E+000  5.699E+008  6.953E-310  0.000E+000  0.000E+000  0.000E+000  0.000E+000  0.000E+000  2.733E-312  6.953E-310  6.953E-310  0.000E+000  1.235E+009  2.162E+007 -3.091E-004  7.459E-003 -4.116E-002 -3.073E+001
   67    0.01654  1.201E+001  1.306E+001  5.024E+003  5.024E+003 -1.938E+001  6.365E-004  4.744E-003  1.979E+007  9.405E-002  2.104E+008  2.433E+005  2.102E+008  1.814E+007  2.926E+007  3.556E+006  1.772E+009  2.816E+000  8.421E-001  6.464E+000  5.086E+000  5.453E+008  6.953E-310  0.000E+000  0.000E+000  0.000E+000  0.000E+000  0.000E+000  2.733E-312  6.953E-310  6.953E-310  0.000E+000  1.205E+009  2.188E+007  1.980E-004  4.546E-003 -2.530E-002 -1.938E+001
   68    0.01769  1.231E+001  1.273E+001  5.024E+003  5.024E+003 -1.167E+001  3.787E-004  2.759E-003  1.998E+007  9.405E-002  2.125E+008  1.466E+005  2.123E+008  1.065E+007  1.707E+007  2.097E+006  1.718E+009  3.004E+000  8.424E-001  6.466E+000  5.089E+000  5.212E+008  6.953E-310  0.000E+000  0.000E+000  0.000E+000  0.000E+000  0.000E+000  2.733E-312  6.953E-310  6.953E-310  0.000E+000  1.175E+009  2.213E+007  8.590E-005  2.674E-003 -1.486E-002 -1.167E+001
   69    0.01891  1.262E+001  1.242E+001  5.024E+003  5.024E+003 -6.780E+000  2.172E-004  1.572E-003  2.018E+007  9.405E-002  2.145E+008  8.515E+004  2.145E+008  6.123E+006  9.752E+006  1.211E+006  1.663E+009  3.199E+000  8.426E-001  6.467E+000  5.090E+000  4.967E+008  6.953E-310  0.000E+000  0.000E+000  0.000E+000  0.000E+000  0.000E+000  2.733E-312  6.953E-310  6.953E-310  0.000E+000  1.144E+009  2.239E+007  5.908E-005  1.513E-003 -8.420E-003 -6.780E+000
   70    0.02022  1.294E+001  1.212E+001  5.024E+003  5.024E+003 -3.857E+000  1.221E-004  1.034E-003  2.038E+007  9.405E-002  2.167E+008  4.845E+004  2.167E+008  4.061E+006  6.427E+006  8.067E+005  1.609E+009  3.400E+000  8.427E-001  6.467E+000  5.091E+000  4.732E+008  6.953E-310  0.000E+000  0.000E+000  0.000E+000  0.000E+000  0.000E+000  2.733E-312  6.953E-310  6.953E-310  0.000E+000  1.113E+009  2.265E+007  2.113E-004  8.222E-004 -4.674E-003 -3.857E+000
   71    0.02162  1.326E+001  1.182E+001  5.024E+003  5.024E+003 -2.276E+000  7.114E-005  1.007E-003  2.059E+007  9.405E-002  2.189E+008  2.859E+004  2.189E+008  3.992E+006  6.279E+006  7.966E+005  1.553E+009  3.608E+000  8.428E-001  6.468E+000  5.092E+000  4.496E+008  6.953E-310  0.000E+000  0.000E+000  0.000E+000  0.000E+000  0.000E+000  2.733E-312  6.953E-310  6.953E-310  0.000E+000  1.081E+009  2.287E+007  5.794E-004  4.276E-004 -2.691E-003 -2.276E+000
   72    0.02311  1.359E+001  1.154E+001  5.024E+003  5.024E+003 -9.302E-001  2.872E-005  2.764E-005  2.080E+007  9.405E-002  2.212E+008  1.168E+004  2.212E+008  0.000E+000  0.000E+000  0.000E+000  1.500E+009  3.823E+000  8.428E-001  6.468E+000  5.092E+000  4.273E+008  6.953E-310  0.000E+000  0.000E+000  0.000E+000  0.000E+000  0.000E+000  2.733E-312  6.953E-310  6.953E-310  0.000E+000  1.049E+009  2.309E+007 -1.845E-004  2.121E-004 -1.073E-003 -9.302E-001
   73    0.02471  1.392E+001  1.126E+001  5.024E+003  5.024E+003 -4.884E-001  1.490E-005 -1.398E-004  2.103E+007  9.405E-002  2.236E+008  6.134E+003  2.236E+008  0.000E+000  0.000E+000  0.000E+000  1.444E+009  4.044E+000  8.429E-001  6.468E+000  5.092E+000  4.049E+008  6.953E-310  0.000E+000  0.000E+000  0.000E+000  0.000E+000  0.000E+000  2.733E-312  6.953E-310  6.953E-310  0.000E+000  1.016E+009  2.333E+007 -2.656E-004  1.258E-004 -5.501E-004 -4.884E-001
   74    0.02642  1.426E+001  1.100E+001  5.024E+003  5.024E+003 -4.973E-001  1.499E-005 -1.430E-004  2.125E+007  9.405E-002  2.260E+008  6.246E+003  2.260E+008  0.000E+000  0.000E+000  0.000E+000  1.390E+009  4.272E+000  8.429E-001  6.468E+000  5.092E+000  3.838E+008  6.953E-310  0.000E+000  0.000E+000  0.000E+000  0.000E+000  0.000E+000  2.733E-312  6.953E-310  6.953E-310  0.000E+000  9.831E+008  2.357E+007 -2.686E-004  1.255E-004 -5.469E-004 -4.973E-001
   75    0.02825  1.460E+001  1.074E+001  5.024E+003  5.024E+003 -5.093E-001  1.517E-005 -1.430E-004  2.149E+007  9.405E-002  2.285E+008  6.397E+003  2.285E+008  0.000E+000  0.000E+000  0.000E+000  1.335E+009  4.506E+000  8.429E-001  6.468E+000  5.092E+000  3.632E+008  6.953E-310  0.000E+000  0.000E+000  0.000E+000  0.000E+000  0.000E+000  2.733E-312  6.953E-310  6.953E-310  0.000E+000  9.485E+008  2.379E+007 -2.686E-004  1.255E-004 -5.469E-004 -5.093E-001
   76    0.03021  1.495E+001  1.049E+001  5.024E+003  5.024E+003 -5.215E-001  1.535E-005 -1.430E-004  2.173E+007  9.405E-002  2.310E+008  6.550E+003  2.310E+008  0.000E+000  0.000E+000  0.000E+000  1.282E+009  4.747E+000  8.429E-001  6.468E+000  5.092E+000  3.437E+008  6.953E-310  0.000E+000  0.000E+000  0.000E+000  0.000E+000  0.000E+000  2.733E-312  6.953E-310  6.953E-310  0.000E+000  9.144E+008  2.401E+007 -2.686E-004  1.255E-004 -5.469E-004 -5.215E-001
   77    0.03230  1.531E+001  1.024E+001  5.024E+003  5.024E+003 -5.340E-001  1.553E-005 -1.430E-004  2.198E+007  9.405E-002  2.337E+008  6.706E+003  2.337E+008  0.000E+000  0.000E+000  0.000E+000  1.228E+009  4.993E+000  8.429E-001  6.468E+000  5.092E+000  3.248E+008  6.953E-310  0.000E+000  0.000E+000  0.000E+000  0.000E+000  0.000E+000  2.733E-312  6.953E-310  6.953E-310  0.000E+000  8.794E+008  2.424E+007 -2.686E-004  1.255E-004 -5.469E-004 -5.340E-001
   78    0.03453  1.567E+001  1.000E+001  5.024E+003  5.024E+003 -5.467E-001  1.572E-005 -1.430E-004  2.223E+007  9.405E-002  2.364E+008  6.866E+003  2.363E+008  0.000E+000  0.000E+000  0.000E+000  1.175E+009  5.246E+000  8.429E-001  6.468E+000  5.092E+000  3.068E+008  6.953E-310  0.000E+000  0.000E+000  0.000E+000  0.000E+000  0.000E+000  2.733E-312  6.953E-310  6.953E-310  0.000E+000  8.439E+008  2.447E+007 -2.686E-004  1.255E-004 -5.469E-004 -5.467E-001
   79    0.03692  1.604E+001  9.773E+000  5.024E+003  5.024E+003 -5.596E-001  1.590E-005 -1.430E-004  2.249E+007  9.405E-002  2.391E+008  7.028E+003  2.391E+008  0.000E+000  0.000E+000  0.000E+000  1.123E+009  5.504E+000  8.429E-001  6.468E+000  5.092E+000  2.896E+008  6.953E-310  0.000E+000  0.000E+000  0.000E+000  0.000E+000  0.000E+000  2.733E-312  6.953E-310  6.953E-310  0.000E+000  8.087E+008  2.470E+007 -2.686E-004  1.255E-004 -5.469E-004 -5.596E-001
   80    0.03947  1.642E+001  9.548E+000  5.024E+003  5.024E+003 -5.728E-001  1.609E-005 -1.430E-004  2.275E+007  9.405E-002  2.419E+008  7.194E+003  2.419E+008  0.000E+000  0.000E+000  0.000E+000  1.070E+009  5.767E+000  8.429E-001  6.468E+000  5.092E+000  2.732E+008  6.953E-310  0.000E+000  0.000E+000  0.000E+000  0.000E+000  0.000E+000  2.733E-312  6.953E-310  6.953E-310  0.000E+000  7.722E+008  2.492E+007 -2.686E-004  1.255E-004 -5.469E-004 -5.728E-001
   81    0.04221  1.681E+001  9.328E+000  5.024E+003  5.024E+003 -5.863E-001  1.628E-005 -1.430E-004  2.302E+007  9.405E-002  2.447E+008  7.364E+003  2.447E+008  0.000E+000  0.000E+000  0.000E+000  1.020E+009  6.036E+000  8.429E-001  6.468E+000  5.092E+000  2.577E+008  6.953E-310  0.000E+000  0.000E+000  0.000E+000  0.000E+000  0.000E+000  2.733E-312  6.953E-310  6.953E-310  0.000E+000  7.374E+008  2.514E+007 -2.686E-004  1.255E-004 -5.469E-004 -5.863E-001
   82    0.04513  1.720E+001  9.114E+000  5.024E+003  5.024E+003 -6.001E-001  1.647E-005 -1.430E-004  2.329E+007  9.405E-002  2.477E+008  7.537E+003  2.476E+008  0.000E+000  0.000E+000  0.000E+000  9.688E+008  6.309E+000  8.429E-001  6.468E+000  5.092E+000  2.428E+008  6.953E-310  0.000E+000  0.000E+000  0.000E+000  0.000E+000  0.000E+000  2.733E-312  6.953E-310  6.953E-310  0.000E+000  7.006E+008  2.533E+007 -2.686E-004  1.255E-004 -5.469E-004 -6.001E-001
   83    0.04825  1.760E+001  8.906E+000  5.024E+003  5.024E+003 -6.141E-001  1.666E-005 -1.430E-004  2.357E+007  9.405E-002  2.506E+008  7.713E+003  2.506E+008  0.000E+000  0.000E+000  0.000E+000  9.201E+008  6.586E+000  8.429E-001  6.468E+000  5.092E+000  2.289E+008  6.953E-310  0.000E+000  0.000E+000  0.000E+000  0.000E+000  0.000E+000  2.733E-312  6.953E-310  6.953E-310  0.000E+000  6.657E+008  2.552E+007 -2.686E-004  1.255E-004 -5.469E-004 -6.141E-001
   84    0.05159  1.802E+001  8.702E+000  5.024E+003  5.024E+003 -6.285E-001  1.685E-005 -1.430E-004  2.385E+007  9.405E-002  2.536E+008  7.893E+003  2.536E+008  0.000E+000  0.000E+000  0.000E+000  8.720E+008  6.867E+000  8.429E-001  6.468E+000  5.092E+000  2.156E+008  6.953E-310  0.000E+000  0.000E+000  0.000E+000  0.000E+000  0.000E+000  2.733E-312  6.953E-310  6.953E-310  0.000E+000  6.308E+008  2.567E+007 -2.686E-004  1.255E-004 -5.469E-004 -6.285E-001
   85    0.05516  1.844E+001  8.504E+000  5.024E+003  5.024E+003 -6.431E-001  1.705E-005 -1.430E-004  2.413E+007  9.405E-002  2.566E+008  8.077E+003  2.566E+008  0.000E+000  0.000E+000  0.000E+000  8.258E+008  7.152E+000  8.429E-001  6.468E+000  5.092E+000  2.030E+008  6.953E-310  0.000E+000  0.000E+000  0.000E+000  0.000E+000  0.000E+000  2.733E-312  6.953E-310  6.953E-310  0.000E+000  5.970E+008  2.580E+007 -2.686E-004  1.255E-004 -5.469E-004 -6.431E-001
   86    0.05897  1.886E+001  8.311E+000  5.024E+003  5.024E+003 -6.581E-001  1.725E-005 -1.430E-004  2.442E+007  9.405E-002  2.597E+008  8.265E+003  2.597E+008  0.000E+000  0.000E+000  0.000E+000  7.814E+008  7.440E+000  8.429E-001  6.468E+000  5.092E+000  1.912E+008  6.953E-310  0.000E+000  0.000E+000  0.000E+000  0.000E+000  0.000E+000  2.733E-312  6.953E-310  6.953E-310  0.000E+000  5.643E+008  2.591E+007 -2.686E-004  1.255E-004 -5.469E-004 -6.581E-001
   87    0.06305  1.930E+001  8.122E+000  5.024E+003  5.024E+003 -6.734E-001  1.744E-005 -1.430E-004  2.471E+007  9.405E-002  2.628E+008  8.457E+003  2.628E+008  0.000E+000  0.000E+000  0.000E+000  7.383E+008  7.731E+000  8.429E-001  6.468E+000  5.092E+000  1.799E+008  6.953E-310  0.000E+000  0.000E+000  0.000E+000  0.000E+000  0.000E+000  2.733E-312  6.953E-310  6.953E-310  0.000E+000  5.324E+008  2.596E+007 -2.686E-004  1.255E-004 -5.469E-004 -6.734E-001
   88    0.06741  1.975E+001  7.938E+000  5.024E+003  5.024E+003 -6.890E-001  1.765E-005 -1.430E-004  2.501E+007  9.405E-002  2.659E+008  8.653E+003  2.659E+008  0.000E+000  0.000E+000  0.000E+000  6.977E+008  8.026E+000  8.429E-001  6.468E+000  5.092E+000  1.694E+008  6.953E-310  0.000E+000  0.000E+000  0.000E+000  0.000E+000  0.000E+000  2.733E-312  6.953E-310  6.953E-310  0.000E+000  5.023E+008  2.601E+007 -2.686E-004  1.255E-004 -5.469E-004 -6.890E-001
   89    0.07208  2.021E+001  7.758E+000  5.024E+003  5.024E+003 -7.050E-001  1.785E-005 -1.430E-004  2.531E+007  9.405E-002  2.691E+008  8.854E+003  2.691E+008  0.000E+000  0.000E+000  0.000E+000  6.584E+008  8.323E+000  8.429E-001  6.468E+000  5.092E+000  1.593E+008  6.953E-310  0.000E+000  0.000E+000  0.000E+000  0.000E+000  0.000E+000  2.733E-312  6.953E-310  6.953E-310  0.000E+000  4.730E+008  2.598E+007 -2.686E-004  1.255E-004 -5.469E-004 -7.050E-001
   90    0.07707  2.068E+001  7.583E+000  5.024E+003  5.024E+003 -7.213E-001  1.805E-005 -1.430E-004  2.561E+007  9.405E-002  2.723E+008  9.059E+003  2.723E+008  0.000E+000  0.000E+000  0.000E+000  6.214E+008  8.623E+000  8.429E-001  6.468E+000  5.092E+000  1.499E+008  6.953E-310  0.000E+000  0.000E+000  0.000E+000  0.000E+000  0.000E+000  2.733E-312  6.953E-310  6.953E-310  0.000E+000  4.455E+008  2.595E+007 -2.686E-004  1.255E-004 -5.469E-004 -7.213E-001
   91    0.08240  2.115E+001  7.412E+000  5.024E+003  5.024E+003 -7.379E-001  1.826E-005 -1.430E-004  2.591E+007  9.405E-002  2.755E+008  9.268E+003  2.755E+008  0.000E+000  0.000E+000  0.000E+000  5.861E+008  8.926E+000  8.429E-001  6.468E+000  5.092E+000  1.410E+008  6.953E-310  0.000E+000  0.000E+000  0.000E+000  0.000E+000  0.000E+000  2.733E-312  6.953E-310  6.953E-310  0.000E+000  4.192E+008  2.585E+007 -2.686E-004  1.255E-004 -5.469E-004 -7.379E-001
   92    0.08810  2.164E+001  7.244E+000  5.024E+003  5.024E+003 -7.550E-001  1.847E-005 -1.430E-004  2.621E+007  9.405E-002  2.787E+008  9.482E+003  2.787E+008  0.000E+000  0.000E+000  0.000E+000  5.527E+008  9.231E+000  8.429E-001  6.468E+000  5.092E+000  1.327E+008  6.953E-310  0.000E+000  0.000E+000  0.000E+000  0.000E+000  0.000E+000  2.733E-312  6.953E-310  6.953E-310  0.000E+000  3.943E+008  2.573E+007 -2.686E-004  1.255E-004 -5.469E-004 -7.550E-001
   93    0.09419  2.214E+001  7.081E+000  5.024E+003  5.024E+003 -7.723E-001  1.868E-005 -1.430E-004  2.652E+007  9.405E-002  2.820E+008  9.700E+003  2.820E+008  0.000E+000  0.000E+000  0.000E+000  5.213E+008  9.538E+000  8.429E-001  6.468E+000  5.092E+000  1.248E+008  6.953E-310  0.000E+000  0.000E+000  0.000E+000  0.000E+000  0.000E+000  2.733E-312  6.953E-310  6.953E-310  0.000E+000  3.709E+008  2.556E+007 -2.686E-004  1.255E-004 -5.469E-004 -7.723E-001
   94    0.10071  2.265E+001  6.922E+000  5.024E+003  5.024E+003 -7.901E-001  1.890E-005 -1.430E-004  2.683E+007  9.405E-002  2.853E+008  9.924E+003  2.853E+008  0.000E+000  0.000E+000  0.000E+000  4.915E+008  9.848E+000  8.429E-001  6.468E+000  5.092E+000  1.174E+008  6.953E-310  0.000E+000  0.000E+000  0.000E+000  0.000E+000  0.000E+000  2.733E-312  6.953E-310  6.953E-310  0.000E+000  3.488E+008  2.533E+007 -2.686E-004  1.255E-004 -5.469E-004 -7.901E-001
   95    0.10768  2.317E+001  6.766E+000  5.024E+003  5.024E+003 -8.083E-001  1.911E-005 -1.430E-004  2.714E+007  9.405E-002  2.886E+008  1.015E+004  2.886E+008  0.000E+000  0.000E+000  0.000E+000  4.635E+008  1.016E+001  8.429E-001  6.468E+000  5.092E+000  1.104E+008  6.953E-310  0.000E+000  0.000E+000  0.000E+000  0.000E+000  0.000E+000  2.733E-312  6.953E-310  6.953E-310  0.000E+000  3.280E+008  2.509E+007 -2.686E-004  1.255E-004 -5.469E-004 -8.083E-001
   96    0.11513  2.370E+001  6.614E+000  5.024E+003  5.024E+003 -8.269E-001  1.933E-005 -1.430E-004  2.746E+007  9.405E-002  2.920E+008  1.038E+004  2.920E+008  0.000E+000  0.000E+000  0.000E+000  4.370E+008  1.048E+001  8.429E-001  6.468E+000  5.092E+000  1.039E+008  6.953E-310  0.000E+000  0.000E+000  0.000E+000  0.000E+000  0.000E+000  2.733E-312  6.953E-310  6.953E-310  0.000E+000  3.083E+008  2.476E+007 -2.686E-004  1.255E-004 -5.469E-004 -8.269E-001
   97    0.12309  2.425E+001  6.466E+000  5.024E+003  5.024E+003 -8.458E-001  1.955E-005 -1.430E-004  2.778E+007  9.405E-002  2.953E+008  1.062E+004  2.953E+008  0.000E+000  0.000E+000  0.000E+000  4.120E+008  1.079E+001  8.429E-001  6.468E+000  5.092E+000  9.771E+007  6.953E-310  0.000E+000  0.000E+000  0.000E+000  0.000E+000  0.000E+000  2.733E-312  6.953E-310  6.953E-310  0.000E+000  2.899E+008  2.443E+007 -2.686E-004  1.255E-004 -5.469E-004 -8.458E-001
   98    0.13161  2.480E+001  6.321E+000  5.024E+003  5.024E+003 -8.652E-001  1.977E-005 -1.430E-004  2.810E+007  9.405E-002  2.988E+008  1.087E+004  2.987E+008  0.000E+000  0.000E+000  0.000E+000  3.884E+008  1.111E+001  8.429E-001  6.468E+000  5.092E+000  9.190E+007  6.953E-310  0.000E+000  0.000E+000  0.000E+000  0.000E+000  0.000E+000  2.733E-312  6.953E-310  6.953E-310  0.000E+000  2.725E+008  2.404E+007 -2.686E-004  1.255E-004 -5.469E-004 -8.652E-001
   99    0.14072  2.537E+001  6.180E+000  5.024E+003  5.024E+003 -8.850E-001  2.000E-005 -1.430E-004  2.842E+007  9.405E-002  3.022E+008  1.112E+004  3.022E+008  0.000E+000  0.000E+000  0.000E+000  3.662E+008  1.144E+001  8.429E-001  6.468E+000  5.092E+000  8.645E+007  6.953E-310  0.000E+000  0.000E+000  0.000E+000  0.000E+000  0.000E+000  2.733E-312  6.953E-310  6.953E-310  0.000E+000  2.561E+008  2.363E+007 -2.686E-004  1.255E-004 -5.469E-004 -8.850E-001
  100    0.15045  2.595E+001  6.041E+000  5.024E+003  5.024E+003 -9.053E-001  2.023E-005 -1.430E-004  2.875E+007  9.405E-002  3.056E+008  1.137E+004  3.056E+008  0.000E+000  0.000E+000  0.000E+000  3.452E+008  1.176E+001  8.429E-001  6.468E+000  5.092E+000  8.132E+007  6.953E-310  0.000E+000  0.000E+000  0.000E+000  0.000E+000  0.000E+000  2.733E-312  6.953E-310  6.953E-310  0.000E+000  2.407E+008  2.319E+007 -2.686E-004  1.255E-004 -5.469E-004 -9.053E-001
  101    0.16086  2.654E+001  5.906E+000  5.024E+003  5.024E+003 -9.260E-001  2.046E-005 -1.430E-004  2.907E+007  9.405E-002  3.091E+008  1.163E+004  3.091E+008  0.000E+000  0.000E+000  0.000E+000  3.254E+008  1.209E+001  8.429E-001  6.468E+000  5.092E+000  7.651E+007  6.953E-310  0.000E+000  0.000E+000  0.000E+000  0.000E+000  0.000E+000  2.733E-312  6.953E-310  6.953E-310  0.000E+000  2.262E+008  2.269E+007 -2.686E-004  1.255E-004 -5.469E-004 -9.260E-001
  102    0.17199  2.715E+001  5.775E+000  5.024E+003  5.024E+003 -9.471E-001  2.069E-005 -1.430E-004  2.940E+007  9.405E-002  3.127E+008  1.190E+004  3.126E+008  0.000E+000  0.000E+000  0.000E+000  3.068E+008  1.242E+001  8.429E-001  6.468E+000  5.092E+000  7.199E+007  6.953E-310  0.000E+000  0.000E+000  0.000E+000  0.000E+000  0.000E+000  2.733E-312  6.953E-310  6.953E-310  0.000E+000  2.126E+008  2.221E+007 -2.686E-004  1.255E-004 -5.469E-004 -9.471E-001
  103    0.18389  2.777E+001  5.646E+000  5.024E+003  5.024E+003 -9.687E-001  2.092E-005 -1.430E-004  2.974E+007  9.405E-002  3.162E+008  1.217E+004  3.162E+008  0.000E+000  0.000E+000  0.000E+000  2.892E+008  1.276E+001  8.429E-001  6.468E+000  5.092E+000  6.775E+007  6.953E-310  0.000E+000  0.000E+000  0.000E+000  0.000E+000  0.000E+000  2.733E-312  6.953E-310  6.953E-310  0.000E+000  1.998E+008  2.165E+007 -2.686E-004  1.255E-004 -5.469E-004 -9.687E-001
  104    0.19662  2.840E+001  5.520E+000  5.024E+003  5.024E+003 -9.908E-001  2.116E-005 -1.430E-004  3.007E+007  9.405E-002  3.198E+008  1.244E+004  3.198E+008  0.000E+000  0.000E+000  0.000E+000  2.727E+008  1.309E+001  8.429E-001  6.468E+000  5.092E+000  6.376E+007  6.953E-310  0.000E+000  0.000E+000  0.000E+000  0.000E+000  0.000E+000  2.733E-312  6.953E-310  6.953E-310  0.000E+000  1.878E+008  2.111E+007 -2.686E-004  1.255E-004 -5.469E-004 -9.908E-001
  105    0.21022  2.905E+001  5.397E+000  5.024E+003  5.024E+003 -1.013E+000  2.140E-005 -1.430E-004  3.041E+007  9.405E-002  3.234E+008  1.273E+004  3.234E+008  0.000E+000  0.000E+000  0.000E+000  2.570E+008  1.343E+001  8.429E-001  6.468E+000  5.092E+000  6.000E+007  6.953E-310  0.000E+000  0.000E+000  0.000E+000  0.000E+000  0.000E+000  2.733E-312  6.953E-310  6.953E-310  0.000E+000  1.765E+008  2.052E+007 -2.686E-004  1.255E-004 -5.469E-004 -1.013E+000
  106    0.22476  2.971E+001  5.277E+000  5.024E+003  5.024E+003 -1.036E+000  2.164E-005 -1.430E-004  3.075E+007  9.405E-002  3.270E+008  1.302E+004  3.270E+008  0.000E+000  0.000E+000  0.000E+000  2.423E+008  1.377E+001  8.429E-001  6.468E+000  5.092E+000  5.647E+007  6.953E-310  0.000E+000  0.000E+000  0.000E+000  0.000E+000  0.000E+000  2.733E-312  6.953E-310  6.953E-310  0.000E+000  1.658E+008  1.993E+007 -2.686E-004  1.255E-004 -5.469E-004 -1.036E+000
  107    0.24032  3.039E+001  5.159E+000  5.024E+003  5.024E+003 -1.060E+000  2.189E-005 -1.430E-004  3.110E+007  9.405E-002  3.307E+008  1.331E+004  3.306E+008  0.000E+000  0.000E+000  0.000E+000  2.284E+008  1.412E+001  8.429E-001  6.468E+000  5.092E+000  5.315E+007  6.953E-310  0.000E+000  0.000E+000  0.000E+000  0.000E+000  0.000E+000  2.733E-312  6.953E-310  6.953E-310  0.000E+000  1.559E+008  1.934E+007 -2.686E-004  1.255E-004 -5.469E-004 -1.060E+000
  108    0.25694  3.108E+001  5.045E+000  5.024E+003  5.024E+003 -1.084E+000  2.214E-005 -1.430E-004  3.144E+007  9.405E-002  3.343E+008  1.362E+004  3.343E+008  0.000E+000  0.000E+000  0.000E+000  2.153E+008  1.446E+001  8.429E-001  6.468E+000  5.092E+000  5.004E+007  6.953E-310  0.000E+000  0.000E+000  0.000E+000  0.000E+000  0.000E+000  2.733E-312  6.953E-310  6.953E-310  0.000E+000  1.466E+008  1.870E+007 -2.686E-004  1.255E-004 -5.469E-004 -1.084E+000
  109    0.27472  3.178E+001  4.933E+000  5.024E+003  5.024E+003 -1.109E+000  2.239E-005 -1.430E-004  3.179E+007  9.405E-002  3.381E+008  1.393E+004  3.380E+008  0.000E+000  0.000E+000  0.000E+000  2.031E+008  1.481E+001  8.429E-001  6.468E+000  5.092E+000  4.711E+007  6.953E-310  0.000E+000  0.000E+000  0.000E+000  0.000E+000  0.000E+000  2.733E-312  6.953E-310  6.953E-310  0.000E+000  1.379E+008  1.809E+007 -2.686E-004  1.255E-004 -5.469E-004 -1.109E+000
  110    0.29373  3.251E+001  4.823E+000  5.024E+003  5.024E+003 -1.134E+000  2.264E-005 -1.430E-004  3.215E+007  9.405E-002  3.418E+008  1.424E+004  3.418E+008  0.000E+000  0.000E+000  0.000E+000  1.915E+008  1.516E+001  8.429E-001  6.468E+000  5.092E+000  4.435E+007  6.953E-310  0.000E+000  0.000E+000  0.000E+000  0.000E+000  0.000E+000  2.733E-312  6.953E-310  6.953E-310  0.000E+000  1.298E+008  1.744E+007 -2.686E-004  1.255E-004 -5.469E-004 -1.134E+000
  111    0.31405  3.324E+001  4.716E+000  5.024E+003  5.024E+003 -1.160E+000  2.289E-005 -1.430E-004  3.250E+007  9.405E-002  3.456E+008  1.456E+004  3.456E+008  0.000E+000  0.000E+000  0.000E+000  1.807E+008  1.552E+001  8.429E-001  6.468E+000  5.092E+000  4.176E+007  6.953E-310  0.000E+000  0.000E+000  0.000E+000  0.000E+000  0.000E+000  2.733E-312  6.953E-310  6.953E-310  0.000E+000  1.221E+008  1.681E+007 -2.686E-004  1.255E-004 -5.469E-004 -1.160E+000
  112    0.33578  3.400E+001  4.612E+000  5.024E+003  5.024E+003 -1.186E+000  2.315E-005 -1.430E-004  3.286E+007  9.405E-002  3.494E+008  1.490E+004  3.494E+008  0.000E+000  0.000E+000  0.000E+000  1.705E+008  1.588E+001  8.429E-001  6.468E+000  5.092E+000  3.933E+007  6.953E-310  0.000E+000  0.000E+000  0.000E+000  0.000E+000  0.000E+000  2.733E-312  6.953E-310  6.953E-310  0.000E+000  1.150E+008  1.618E+007 -2.686E-004  1.255E-004 -5.469E-004 -1.186E+000
  113    0.35901  3.477E+001  4.509E+000  5.024E+003  5.024E+003 -1.213E+000  2.341E-005 -1.430E-004  3.322E+007  9.405E-002  3.533E+008  1.523E+004  3.532E+008  0.000E+000  0.000E+000  0.000E+000  1.610E+008  1.624E+001  8.429E-001  6.468E+000  5.092E+000  3.704E+007  6.953E-310  0.000E+000  0.000E+000  0.000E+000  0.000E+000  0.000E+000  2.733E-312  6.953E-310  6.953E-310  0.000E+000  1.085E+008  1.554E+007 -2.686E-004  1.255E-004 -5.469E-004 -1.213E+000
  114    0.38385  3.555E+001  4.410E+000  5.024E+003  5.024E+003 -1.240E+000  2.368E-005 -1.430E-004  3.359E+007  9.405E-002  3.571E+008  1.558E+004  3.571E+008  0.000E+000  0.000E+000  0.000E+000  1.521E+008  1.661E+001  8.429E-001  6.468E+000  5.092E+000  3.489E+007  6.953E-310  0.000E+000  0.000E+000  0.000E+000  0.000E+000  0.000E+000  2.733E-312  6.953E-310  6.953E-310  0.000E+000  1.023E+008  1.492E+007 -2.686E-004  1.255E-004 -5.469E-004 -1.240E+000
  115    0.41041  3.636E+001  4.312E+000  5.024E+003  5.024E+003 -1.268E+000  2.394E-005 -1.430E-004  3.396E+007  9.405E-002  3.611E+008  1.593E+004  3.610E+008  0.000E+000  0.000E+000  0.000E+000  1.438E+008  1.698E+001  8.429E-001  6.468E+000  5.092E+000  3.287E+007  6.953E-310  0.000E+000  0.000E+000  0.000E+000  0.000E+000  0.000E+000  2.733E-312  6.953E-310  6.953E-310  0.000E+000  9.669E+007  1.428E+007 -2.686E-004  1.255E-004 -5.469E-004 -1.268E+000
  116    0.43880  3.718E+001  4.217E+000  5.024E+003  5.024E+003 -1.297E+000  2.421E-005 -1.430E-004  3.433E+007  9.405E-002  3.650E+008  1.629E+004  3.650E+008  0.000E+000  0.000E+000  0.000E+000  1.360E+008  1.735E+001  8.429E-001  6.468E+000  5.092E+000  3.098E+007  6.953E-310  0.000E+000  0.000E+000  0.000E+000  0.000E+000  0.000E+000  2.733E-312  6.953E-310  6.953E-310  0.000E+000  9.138E+007  1.367E+007 -2.686E-004  1.255E-004 -5.469E-004 -1.297E+000
  117    0.46917  3.802E+001  4.123E+000  5.024E+003  5.024E+003 -1.326E+000  2.448E-005 -1.430E-004  3.471E+007  9.405E-002  3.691E+008  1.666E+004  3.690E+008  0.000E+000  0.000E+000  0.000E+000  1.288E+008  1.773E+001  8.429E-001  6.468E+000  5.092E+000  2.920E+007  6.953E-310  0.000E+000  0.000E+000  0.000E+000  0.000E+000  0.000E+000  2.733E-312  6.953E-310  6.953E-310  0.000E+000  8.658E+007  1.305E+007 -2.686E-004  1.255E-004 -5.469E-004 -1.326E+000
  118    0.50163  3.888E+001  4.032E+000  5.024E+003  5.024E+003 -1.356E+000  2.476E-005 -1.430E-004  3.509E+007  9.405E-002  3.731E+008  1.704E+004  3.731E+008  0.000E+000  0.000E+000  0.000E+000  1.221E+008  1.811E+001  8.429E-001  6.468E+000  5.092E+000  2.752E+007  6.953E-310  0.000E+000  0.000E+000  0.000E+000  0.000E+000  0.000E+000  2.733E-312  6.953E-310  6.953E-310  0.000E+000  8.210E+007  1.245E+007 -2.686E-004  1.255E-004 -5.469E-004 -1.356E+000
  119    0.53633  3.976E+001  3.943E+000  5.024E+003  5.024E+003 -1.387E+000  2.504E-005 -1.430E-004  3.548E+007  9.405E-002  3.773E+008  1.742E+004  3.772E+008  0.000E+000  0.000E+000  0.000E+000  1.158E+008  1.850E+001  8.429E-001  6.468E+000  5.092E+000  2.594E+007  6.953E-310  0.000E+000  0.000E+000  0.000E+000  0.000E+000  0.000E+000  2.733E-312  6.953E-310  6.953E-310  0.000E+000  7.798E+007  1.187E+007 -2.686E-004  1.255E-004 -5.469E-004 -1.387E+000
  120    0.57344  4.066E+001  3.856E+000  5.024E+003  5.024E+003 -1.418E+000  2.532E-005 -1.430E-004  3.587E+007  9.405E-002  3.814E+008  1.781E+004  3.814E+008  0.000E+000  0.000E+000  0.000E+000  1.100E+008  1.889E+001  8.429E-001  6.468E+000  5.092E+000  2.446E+007  6.953E-310  0.000E+000  0.000E+000  0.000E+000  0.000E+000  0.000E+000  2.733E-312  6.953E-310  6.953E-310  0.000E+000  7.425E+007  1.129E+007 -2.686E-004  1.255E-004 -5.469E-004 -1.418E+000
  121    0.61312  4.158E+001  3.771E+000  5.024E+003  5.024E+003 -1.450E+000  2.560E-005 -1.430E-004  3.627E+007  9.405E-002  3.857E+008  1.822E+004  3.857E+008  0.000E+000  0.000E+000  0.000E+000  1.045E+008  1.929E+001  8.429E-001  6.468E+000  5.092E+000  2.306E+007  6.953E-310  0.000E+000  0.000E+000  0.000E+000  0.000E+000  0.000E+000  2.733E-312  6.953E-310  6.953E-310  0.000E+000  7.070E+007  1.074E+007 -2.686E-004  1.255E-004 -5.469E-004 -1.450E+000
  122    0.65554  4.252E+001  3.687E+000  5.024E+003  5.024E+003 -1.483E+000  2.589E-005 -1.430E-004  3.668E+007  9.405E-002  3.900E+008  1.863E+004  3.900E+008  0.000E+000  0.000E+000  0.000E+000  9.956E+007  1.970E+001  8.429E-001  6.468E+000  5.092E+000  2.175E+007  6.953E-310  0.000E+000  0.000E+000  0.000E+000  0.000E+000  0.000E+000  2.733E-312  6.953E-310  6.953E-310  0.000E+000  6.762E+007  1.019E+007 -2.686E-004  1.255E-004 -5.469E-004 -1.483E+000
  123    0.70089  4.348E+001  3.606E+000  5.024E+003  5.024E+003 -1.517E+000  2.618E-005 -1.430E-004  3.709E+007  9.405E-002  3.944E+008  1.905E+004  3.944E+008  0.000E+000  0.000E+000  0.000E+000  9.486E+007  2.011E+001  8.429E-001  6.468E+000  5.092E+000  2.051E+007  6.953E-310  0.000E+000  0.000E+000  0.000E+000  0.000E+000  0.000E+000  2.733E-312  6.953E-310  6.953E-310  0.000E+000  6.468E+007  9.665E+006 -2.686E-004  1.255E-004 -5.469E-004 -1.517E+000
  124    0.74939  4.446E+001  3.526E+000  5.024E+003  5.024E+003 -1.551E+000  2.647E-005 -1.430E-004  3.752E+007  9.405E-002  3.989E+008  1.948E+004  3.989E+008  0.000E+000  0.000E+000  0.000E+000  9.054E+007  2.053E+001  8.429E-001  6.468E+000  5.092E+000  1.935E+007  6.953E-310  0.000E+000  0.000E+000  0.000E+000  0.000E+000  0.000E+000  2.733E-312  6.953E-310  6.953E-310  0.000E+000  6.203E+007  9.152E+006 -2.686E-004  1.255E-004 -5.469E-004 -1.551E+000
  125    0.80123  4.546E+001  3.449E+000  5.024E+003  5.024E+003 -1.586E+000  2.677E-005 -1.430E-004  3.795E+007  9.405E-002  4.035E+008  1.992E+004  4.035E+008  0.000E+000  0.000E+000  0.000E+000  8.652E+007  2.097E+001  8.429E-001  6.468E+000  5.092E+000  1.826E+007  6.953E-310  0.000E+000  0.000E+000  0.000E+000  0.000E+000  0.000E+000  2.733E-312  6.953E-310  6.953E-310  0.000E+000  5.960E+007  8.658E+006 -2.686E-004  1.255E-004 -5.469E-004 -1.586E+000
  126    0.85667  4.649E+001  3.372E+000  5.024E+003  5.024E+003 -1.622E+000  2.707E-005 -1.430E-004  3.839E+007  9.405E-002  4.082E+008  2.037E+004  4.082E+008  0.000E+000  0.000E+000  0.000E+000  8.274E+007  2.141E+001  8.429E-001  6.468E+000  5.092E+000  1.723E+007  6.953E-310  0.000E+000  0.000E+000  0.000E+000  0.000E+000  0.000E+000  2.733E-312  6.953E-310  6.953E-310  0.000E+000  5.732E+007  8.185E+006 -2.686E-004  1.255E-004 -5.469E-004 -1.622E+000
  127    0.91594  4.754E+001  3.298E+000  5.024E+003  5.024E+003 -1.658E+000  2.738E-005 -1.430E-004  3.884E+007  9.405E-002  4.130E+008  2.083E+004  4.130E+008  0.000E+000  0.000E+000  0.000E+000  7.930E+007  2.186E+001  8.429E-001  6.468E+000  5.092E+000  1.626E+007  6.953E-310  0.000E+000  0.000E+000  0.000E+000  0.000E+000  0.000E+000  2.733E-312  6.953E-310  6.953E-310  0.000E+000  5.531E+007  7.724E+006 -2.686E-004  1.255E-004 -5.469E-004 -1.658E+000
  128    0.97932  4.862E+001  3.225E+000  5.024E+003  5.024E+003 -1.696E+000  2.768E-005 -1.430E-004  3.930E+007  9.405E-002  4.179E+008  2.130E+004  4.179E+008  0.000E+000  0.000E+000  0.000E+000  7.601E+007  2.232E+001  8.429E-001  6.468E+000  5.092E+000  1.535E+007  6.953E-310  0.000E+000  0.000E+000  0.000E+000  0.000E+000  0.000E+000  2.733E-312  6.953E-310  6.953E-310  0.000E+000  5.337E+007  7.288E+006 -2.686E-004  1.255E-004 -5.469E-004 -1.696E+000
  129    1.04707  4.971E+001  3.154E+000  5.024E+003  5.024E+003 -1.734E+000  2.800E-005 -1.430E-004  3.978E+007  9.405E-002  4.229E+008  2.178E+004  4.229E+008  0.000E+000  0.000E+000  0.000E+000  7.299E+007  2.279E+001  8.429E-001  6.468E+000  5.092E+000  1.449E+007  6.953E-310  0.000E+000  0.000E+000  0.000E+000  0.000E+000  0.000E+000  2.733E-312  6.953E-310  6.953E-310  0.000E+000  5.164E+007  6.864E+006 -2.686E-004  1.255E-004 -5.469E-004 -1.734E+000
  130    1.11952  5.084E+001  3.084E+000  5.024E+003  5.024E+003 -1.774E+000  2.831E-005 -1.430E-004  4.026E+007  9.405E-002  4.281E+008  2.227E+004  4.281E+008  0.000E+000  0.000E+000  0.000E+000  7.013E+007  2.328E+001  8.429E-001  6.468E+000  5.092E+000  1.368E+007  6.953E-310  0.000E+000  0.000E+000  0.000E+000  0.000E+000  0.000E+000  2.733E-312  6.953E-310  6.953E-310  0.000E+000  4.999E+007  6.463E+006 -2.686E-004  1.255E-004 -5.469E-004 -1.774E+000
  131    1.19698  5.199E+001  3.015E+000  5.024E+003  5.024E+003 -1.814E+000  2.863E-005 -1.430E-004  4.077E+007  9.405E-002  4.335E+008  2.278E+004  4.334E+008  0.000E+000  0.000E+000  0.000E+000  6.744E+007  2.378E+001  8.429E-001  6.468E+000  5.092E+000  1.292E+007  6.953E-310  0.000E+000  0.000E+000  0.000E+000  0.000E+000  0.000E+000  2.733E-312  6.953E-310  6.953E-310  0.000E+000  4.844E+007  6.080E+006 -2.686E-004  1.255E-004 -5.469E-004 -1.814E+000
  132    1.27979  5.317E+001  2.949E+000  5.024E+003  5.024E+003 -1.855E+000  2.895E-005 -1.430E-004  4.128E+007  9.405E-002  4.389E+008  2.330E+004  4.389E+008  0.000E+000  0.000E+000  0.000E+000  6.492E+007  2.430E+001  8.429E-001  6.468E+000  5.092E+000  1.220E+007  6.953E-310  0.000E+000  0.000E+000  0.000E+000  0.000E+000  0.000E+000  2.733E-312  6.953E-310  6.953E-310  0.000E+000  4.700E+007  5.713E+006 -2.686E-004  1.255E-004 -5.469E-004 -1.855E+000
  133    1.36834  5.438E+001  2.883E+000  5.024E+003  5.024E+003 -1.897E+000  2.928E-005 -1.430E-004  4.181E+007  9.405E-002  4.446E+008  2.382E+004  4.445E+008  0.000E+000  0.000E+000  0.000E+000  6.250E+007  2.483E+001  8.429E-001  6.468E+000  5.092E+000  1.152E+007  6.953E-310  0.000E+000  0.000E+000  0.000E+000  0.000E+000  0.000E+000  2.733E-312  6.953E-310  6.953E-310  0.000E+000  4.561E+007  5.368E+006 -2.686E-004  1.255E-004 -5.469E-004 -1.897E+000
  134    1.46301  5.561E+001  2.819E+000  5.024E+003  5.024E+003 -1.940E+000  2.961E-005 -1.430E-004  4.236E+007  9.405E-002  4.504E+008  2.437E+004  4.504E+008  0.000E+000  0.000E+000  0.000E+000  6.023E+007  2.537E+001  8.429E-001  6.468E+000  5.092E+000  1.089E+007  6.953E-310  0.000E+000  0.000E+000  0.000E+000  0.000E+000  0.000E+000  2.733E-312  6.953E-310  6.953E-310  0.000E+000  4.431E+007  5.036E+006 -2.686E-004  1.255E-004 -5.469E-004 -1.940E+000
  135    1.56424  5.688E+001  2.756E+000  5.024E+003  5.024E+003 -1.984E+000  2.995E-005 -1.430E-004  4.292E+007  9.405E-002  4.564E+008  2.492E+004  4.563E+008  0.000E+000  0.000E+000  0.000E+000  5.805E+007  2.594E+001  8.429E-001  6.468E+000  5.092E+000  1.028E+007  6.953E-310  0.000E+000  0.000E+000  0.000E+000  0.000E+000  0.000E+000  2.733E-312  6.953E-310  6.953E-310  0.000E+000  4.304E+007  4.725E+006 -2.686E-004  1.255E-004 -5.469E-004 -1.984E+000
  136    1.67246  5.817E+001  2.695E+000  5.024E+003  5.024E+003 -2.029E+000  3.028E-005 -1.430E-004  4.350E+007  9.405E-002  4.625E+008  2.549E+004  4.625E+008  0.000E+000  0.000E+000  0.000E+000  5.596E+007  2.652E+001  8.429E-001  6.468E+000  5.092E+000  9.714E+006  6.953E-310  0.000E+000  0.000E+000  0.000E+000  0.000E+000  0.000E+000  2.733E-312  6.953E-310  6.953E-310  0.000E+000  4.182E+007  4.430E+006 -2.686E-004  1.255E-004 -5.469E-004 -2.029E+000
  137    1.78818  5.950E+001  2.635E+000  5.024E+003  5.024E+003 -2.076E+000  3.063E-005 -1.430E-004  4.410E+007  9.405E-002  4.689E+008  2.607E+004  4.689E+008  0.000E+000  0.000E+000  0.000E+000  5.396E+007  2.712E+001  8.429E-001  6.468E+000  5.092E+000  9.177E+006  6.953E-310  0.000E+000  0.000E+000  0.000E+000  0.000E+000  0.000E+000  2.733E-312  6.953E-310  6.953E-310  0.000E+000  4.063E+007  4.153E+006 -2.686E-004  1.255E-004 -5.469E-004 -2.076E+000
  138    1.91190  6.086E+001  2.576E+000  5.024E+003  5.024E+003 -2.123E+000  3.098E-005 -1.430E-004  4.471E+007  9.405E-002  4.754E+008  2.667E+004  4.754E+008  0.000E+000  0.000E+000  0.000E+000  5.203E+007  2.773E+001  8.429E-001  6.468E+000  5.092E+000  8.671E+006  6.953E-310  0.000E+000  0.000E+000  0.000E+000  0.000E+000  0.000E+000  2.733E-312  6.953E-310  6.953E-310  0.000E+000  3.946E+007  3.894E+006 -2.686E-004  1.255E-004 -5.469E-004 -2.123E+000
  139    2.04418  6.226E+001  2.518E+000  5.024E+003  5.024E+003 -2.172E+000  3.133E-005 -1.430E-004  4.535E+007  9.405E-002  4.822E+008  2.728E+004  4.822E+008  0.000E+000  0.000E+000  0.000E+000  5.016E+007  2.837E+001  8.429E-001  6.468E+000  5.092E+000  8.194E+006  6.953E-310  0.000E+000  0.000E+000  0.000E+000  0.000E+000  0.000E+000  2.733E-312  6.953E-310  6.953E-310  0.000E+000  3.831E+007  3.651E+006 -2.686E-004  1.255E-004 -5.469E-004 -2.172E+000
  140    2.18562  6.368E+001  2.462E+000  5.024E+003  5.024E+003 -2.222E+000  3.169E-005 -1.430E-004  4.600E+007  9.405E-002  4.892E+008  2.790E+004  4.891E+008  0.000E+000  0.000E+000  0.000E+000  4.836E+007  2.902E+001  8.429E-001  6.468E+000  5.092E+000  7.742E+006  6.953E-310  0.000E+000  0.000E+000  0.000E+000  0.000E+000  0.000E+000  2.733E-312  6.953E-310  6.953E-310  0.000E+000  3.719E+007  3.422E+006 -2.686E-004  1.255E-004 -5.469E-004 -2.222E+000
  141    2.33684  6.515E+001  2.407E+000  5.024E+003  5.024E+003 -2.273E+000  3.205E-005 -1.430E-004  4.668E+007  9.405E-002  4.963E+008  2.854E+004  4.963E+008  0.000E+000  0.000E+000  0.000E+000  4.658E+007  2.970E+001  8.429E-001  6.468E+000  5.092E+000  7.315E+006  6.953E-310  0.000E+000  0.000E+000  0.000E+000  0.000E+000  0.000E+000  2.733E-312  6.953E-310  6.953E-310  0.000E+000  3.606E+007  3.212E+006 -2.686E-004  1.255E-004 -5.469E-004 -2.273E+000
  142    2.49852  6.665E+001  2.352E+000  5.024E+003  5.024E+003 -2.325E+000  3.242E-005 -1.430E-004  4.737E+007  9.405E-002  5.037E+008  2.920E+004  5.037E+008  0.000E+000  0.000E+000  0.000E+000  4.488E+007  3.039E+001  8.429E-001  6.468E+000  5.092E+000  6.910E+006  6.953E-310  0.000E+000  0.000E+000  0.000E+000  0.000E+000  0.000E+000  2.733E-312  6.953E-310  6.953E-310  0.000E+000  3.496E+007  3.015E+006 -2.686E-004  1.255E-004 -5.469E-004 -2.325E+000
  143    2.67139  6.819E+001  2.299E+000  5.024E+003  5.024E+003 -2.379E+000  3.279E-005 -1.430E-004  4.809E+007  9.405E-002  5.113E+008  2.987E+004  5.113E+008  0.000E+000  0.000E+000  0.000E+000  4.321E+007  3.111E+001  8.429E-001  6.468E+000  5.092E+000  6.529E+006  6.953E-310  0.000E+000  0.000E+000  0.000E+000  0.000E+000  0.000E+000  2.733E-312  6.953E-310  6.953E-310  0.000E+000  3.384E+007  2.834E+006 -2.686E-004  1.255E-004 -5.469E-004 -2.379E+000
  144    2.85622  6.976E+001  2.247E+000  5.024E+003  5.024E+003 -2.434E+000  3.316E-005 -1.430E-004  4.883E+007  9.405E-002  5.192E+008  3.057E+004  5.191E+008  0.000E+000  0.000E+000  0.000E+000  4.158E+007  3.184E+001  8.429E-001  6.468E+000  5.092E+000  6.170E+006  6.953E-310  0.000E+000  0.000E+000  0.000E+000  0.000E+000  0.000E+000  2.733E-312  6.953E-310  6.953E-310  0.000E+000  3.274E+007  2.666E+006 -2.686E-004  1.255E-004 -5.469E-004 -2.434E+000
  145    3.05383  7.138E+001  2.196E+000  5.024E+003  5.024E+003 -2.490E+000  3.355E-005 -1.430E-004  4.959E+007  9.405E-002  5.272E+008  3.127E+004  5.272E+008  0.000E+000  0.000E+000  0.000E+000  4.000E+007  3.260E+001  8.429E-001  6.468E+000  5.092E+000  5.829E+006  6.953E-310  0.000E+000  0.000E+000  0.000E+000  0.000E+000  0.000E+000  2.733E-312  6.953E-310  6.953E-310  0.000E+000  3.166E+007  2.510E+006 -2.686E-004  1.255E-004 -5.469E-004 -2.490E+000
  146    3.26512  7.304E+001  2.147E+000  5.024E+003  5.024E+003 -2.548E+000  3.393E-005 -1.430E-004  5.036E+007  9.405E-002  5.355E+008  3.200E+004  5.355E+008  0.000E+000  0.000E+000  0.000E+000  3.844E+007  3.338E+001  8.429E-001  6.468E+000  5.092E+000  5.509E+006  6.953E-310  0.000E+000  0.000E+000  0.000E+000  0.000E+000  0.000E+000  2.733E-312  6.953E-310  6.953E-310  0.000E+000  3.056E+007  2.367E+006 -2.686E-004  1.255E-004 -5.469E-004 -2.548E+000
  147    3.49103  7.474E+001  2.098E+000  5.024E+003  5.024E+003 -2.607E+000  3.433E-005 -1.430E-004  5.116E+007  9.405E-002  5.440E+008  3.275E+004  5.440E+008  0.000E+000  0.000E+000  0.000E+000  3.694E+007  3.418E+001  8.429E-001  6.468E+000  5.092E+000  5.205E+006  6.953E-310  0.000E+000  0.000E+000  0.000E+000  0.000E+000  0.000E+000  2.733E-312  6.953E-310  6.953E-310  0.000E+000  2.950E+007  2.232E+006 -2.686E-004  1.255E-004 -5.469E-004 -2.607E+000
  148    3.73257  7.648E+001  2.050E+000  5.024E+003  5.024E+003 -2.668E+000  3.472E-005 -1.430E-004  5.199E+007  9.405E-002  5.528E+008  3.351E+004  5.527E+008  0.000E+000  0.000E+000  0.000E+000  3.544E+007  3.500E+001  8.429E-001  6.468E+000  5.092E+000  4.917E+006  6.953E-310  0.000E+000  0.000E+000  0.000E+000  0.000E+000  0.000E+000  2.733E-312  6.953E-310  6.953E-310  0.000E+000  2.841E+007  2.111E+006 -2.686E-004  1.255E-004 -5.469E-004 -2.668E+000
  149    3.99082  7.827E+001  2.003E+000  5.024E+003  5.024E+003 -2.730E+000  3.513E-005 -1.430E-004  5.283E+007  9.405E-002  5.617E+008  3.429E+004  5.617E+008  0.000E+000  0.000E+000  0.000E+000  3.400E+007  3.585E+001  8.429E-001  6.468E+000  5.092E+000  4.645E+006  6.953E-310  0.000E+000  0.000E+000  0.000E+000  0.000E+000  0.000E+000  2.733E-312  6.953E-310  6.953E-310  0.000E+000  2.736E+007  1.996E+006 -2.686E-004  1.255E-004 -5.469E-004 -2.730E+000
  150    4.26694  8.010E+001  1.957E+000  5.024E+003  5.024E+003 -2.794E+000  3.554E-005 -1.430E-004  5.369E+007  9.405E-002  5.709E+008  3.510E+004  5.709E+008  0.000E+000  0.000E+000  0.000E+000  3.258E+007  3.671E+001  8.429E-001  6.468E+000  5.092E+000  4.389E+006  6.953E-310  0.000E+000  0.000E+000  0.000E+000  0.000E+000  0.000E+000  2.733E-312  6.953E-310  6.953E-310  0.000E+000  2.630E+007  1.890E+006 -2.686E-004  1.255E-004 -5.469E-004 -2.794E+000
  151    4.56216  8.198E+001  1.912E+000  5.024E+003  5.024E+003 -2.860E+000  3.595E-005 -1.430E-004  5.458E+007  9.405E-002  5.803E+008  3.592E+004  5.803E+008  0.000E+000  0.000E+000  0.000E+000  3.120E+007  3.760E+001  8.429E-001  6.468E+000  5.092E+000  4.147E+006  6.953E-310  0.000E+000  0.000E+000  0.000E+000  0.000E+000  0.000E+000  2.733E-312  6.953E-310  6.953E-310  0.000E+000  2.526E+007  1.792E+006 -2.686E-004  1.255E-004 -5.469E-004 -2.860E+000
  152    4.87781  8.391E+001  1.868E+000  5.024E+003  5.024E+003 -2.927E+000  3.637E-005 -1.430E-004  5.548E+007  9.405E-002  5.900E+008  3.676E+004  5.899E+008  0.000E+000  0.000E+000  0.000E+000  2.985E+007  3.850E+001  8.429E-001  6.468E+000  5.092E+000  3.918E+006  6.953E-310  0.000E+000  0.000E+000  0.000E+000  0.000E+000  0.000E+000  2.733E-312  6.953E-310  6.953E-310  0.000E+000  2.423E+007  1.699E+006 -2.686E-004  1.255E-004 -5.469E-004 -2.927E+000
  153    5.21530  8.589E+001  1.825E+000  5.024E+003  5.024E+003 -2.996E+000  3.680E-005 -1.430E-004  5.641E+007  9.405E-002  5.998E+008  3.763E+004  5.998E+008  0.000E+000  0.000E+000  0.000E+000  2.853E+007  3.943E+001  8.429E-001  6.468E+000  5.092E+000  3.702E+006  6.953E-310  0.000E+000  0.000E+000  0.000E+000  0.000E+000  0.000E+000  2.733E-312  6.953E-310  6.953E-310  0.000E+000  2.322E+007  1.613E+006 -2.686E-004  1.255E-004 -5.469E-004 -2.996E+000
  154    5.57614  8.792E+001  1.783E+000  5.024E+003  5.024E+003 -3.067E+000  3.723E-005 -1.430E-004  5.736E+007  9.405E-002  6.099E+008  3.852E+004  6.098E+008  0.000E+000  0.000E+000  0.000E+000  2.726E+007  4.037E+001  8.429E-001  6.468E+000  5.092E+000  3.497E+006  6.953E-310  0.000E+000  0.000E+000  0.000E+000  0.000E+000  0.000E+000  2.733E-312  6.953E-310  6.953E-310  0.000E+000  2.223E+007  1.531E+006 -2.686E-004  1.255E-004 -5.469E-004 -3.067E+000
  155    5.96195  9.000E+001  1.742E+000  5.024E+003  5.024E+003 -3.140E+000  3.767E-005 -1.430E-004  5.832E+007  9.405E-002  6.201E+008  3.943E+004  6.201E+008  0.000E+000  0.000E+000  0.000E+000  2.600E+007  4.134E+001  8.429E-001  6.468E+000  5.092E+000  3.305E+006  6.953E-310  0.000E+000  0.000E+000  0.000E+000  0.000E+000  0.000E+000  2.733E-312  6.953E-310  6.953E-310  0.000E+000  2.124E+007  1.454E+006 -2.686E-004  1.255E-004 -5.469E-004 -3.140E+000
  156    6.37444  9.213E+001  1.702E+000  5.024E+003  5.024E+003 -3.214E+000  3.811E-005 -1.430E-004  5.931E+007  9.405E-002  6.306E+008  4.037E+004  6.306E+008  0.000E+000  0.000E+000  0.000E+000  2.479E+007  4.232E+001  8.429E-001  6.468E+000  5.092E+000  3.123E+006  6.953E-310  0.000E+000  0.000E+000  0.000E+000  0.000E+000  0.000E+000  2.733E-312  6.953E-310  6.953E-310  0.000E+000  2.029E+007  1.381E+006 -2.686E-004  1.255E-004 -5.469E-004 -3.214E+000
  157    6.81548  9.432E+001  1.662E+000  5.024E+003  5.024E+003 -3.290E+000  3.856E-005 -1.430E-004  6.031E+007  9.405E-002  6.413E+008  4.132E+004  6.412E+008  0.000E+000  0.000E+000  0.000E+000  2.360E+007  4.333E+001  8.429E-001  6.468E+000  5.092E+000  2.952E+006  6.953E-310  0.000E+000  0.000E+000  0.000E+000  0.000E+000  0.000E+000  2.733E-312  6.953E-310  6.953E-310  0.000E+000  1.933E+007  1.313E+006 -2.686E-004  1.255E-004 -5.469E-004 -3.290E+000
  158    7.28703  9.656E+001  1.624E+000  5.024E+003  5.024E+003 -3.368E+000  3.902E-005 -1.430E-004  6.133E+007  9.405E-002  6.521E+008  4.231E+004  6.521E+008  0.000E+000  0.000E+000  0.000E+000  2.245E+007  4.435E+001  8.429E-001  6.468E+000  5.092E+000  2.790E+006  6.953E-310  0.000E+000  0.000E+000  0.000E+000  0.000E+000  0.000E+000  2.733E-312  6.953E-310  6.953E-310  0.000E+000  1.841E+007  1.248E+006 -2.686E-004  1.255E-004 -5.469E-004 -3.368E+000
  159    7.79121  9.886E+001  1.586E+000  5.024E+003  5.024E+003 -3.449E+000  3.948E-005 -1.430E-004  6.237E+007  9.405E-002  6.631E+008  4.331E+004  6.631E+008  0.000E+000  0.000E+000  0.000E+000  2.133E+007  4.539E+001  8.429E-001  6.468E+000  5.092E+000  2.637E+006  6.953E-310  0.000E+000  0.000E+000  0.000E+000  0.000E+000  0.000E+000  2.733E-312  6.953E-310  6.953E-310  0.000E+000  1.751E+007  1.186E+006 -2.686E-004  1.255E-004 -5.469E-004 -3.449E+000
  160    8.33027  1.012E+002  1.549E+000  5.024E+003  5.024E+003 -3.531E+000  3.995E-005 -1.430E-004  6.342E+007  9.405E-002  6.744E+008  4.435E+004  6.743E+008  0.000E+000  0.000E+000  0.000E+000  2.025E+007  4.644E+001  8.429E-001  6.468E+000  5.092E+000  2.493E+006  6.953E-310  0.000E+000  0.000E+000  0.000E+000  0.000E+000  0.000E+000  2.733E-312  6.953E-310  6.953E-310  0.000E+000  1.663E+007  1.127E+006 -2.686E-004  1.255E-004 -5.469E-004 -3.531E+000
  161    8.90663  1.036E+002  1.513E+000  5.024E+003  5.024E+003 -3.615E+000  4.042E-005 -1.430E-004  6.449E+007  9.405E-002  6.857E+008  4.540E+004  6.857E+008  0.000E+000  0.000E+000  0.000E+000  1.920E+007  4.751E+001  8.429E-001  6.468E+000  5.092E+000  2.357E+006  6.953E-310  0.000E+000  0.000E+000  0.000E+000  0.000E+000  0.000E+000  2.733E-312  6.953E-310  6.953E-310  0.000E+000  1.578E+007  1.070E+006 -2.686E-004  1.255E-004 -5.469E-004 -3.615E+000
  162    9.52287  1.061E+002  1.478E+000  5.024E+003  5.024E+003 -3.701E+000  4.090E-005 -1.430E-004  6.557E+007  9.405E-002  6.972E+008  4.649E+004  6.972E+008  0.000E+000  0.000E+000  0.000E+000  1.818E+007  4.859E+001  8.429E-001  6.468E+000  5.092E+000  2.228E+006  6.953E-310  0.000E+000  0.000E+000  0.000E+000  0.000E+000  0.000E+000  2.733E-312  6.953E-310  6.953E-310  0.000E+000  1.493E+007  1.017E+006 -2.686E-004  1.255E-004 -5.469E-004 -3.701E+000
  163   10.18174  1.086E+002  1.443E+000  5.024E+003  5.024E+003 -3.790E+000  4.139E-005 -1.430E-004  6.667E+007  9.405E-002  7.089E+008  4.760E+004  7.088E+008  0.000E+000  0.000E+000  0.000E+000  1.721E+007  4.969E+001  8.429E-001  6.468E+000  5.092E+000  2.107E+006  6.953E-310  0.000E+000  0.000E+000  0.000E+000  0.000E+000  0.000E+000  2.733E-312  6.953E-310  6.953E-310  0.000E+000  1.413E+007  9.659E+005 -2.686E-004  1.255E-004 -5.469E-004 -3.790E+000
  164   10.88620  1.112E+002  1.409E+000  5.024E+003  5.024E+003 -3.881E+000  4.188E-005 -1.430E-004  6.778E+007  9.405E-002  7.207E+008  4.874E+004  7.206E+008  0.000E+000  0.000E+000  0.000E+000  1.625E+007  5.079E+001  8.429E-001  6.468E+000  5.092E+000  1.993E+006  6.953E-310  0.000E+000  0.000E+000  0.000E+000  0.000E+000  0.000E+000  2.733E-312  6.953E-310  6.953E-310  0.000E+000  1.334E+007  9.171E+005 -2.686E-004  1.255E-004 -5.469E-004 -3.881E+000
  165   11.63940  1.139E+002  1.376E+000  5.024E+003  5.024E+003 -3.973E+000  4.238E-005 -1.430E-004  6.890E+007  9.405E-002  7.326E+008  4.991E+004  7.325E+008  0.000E+000  0.000E+000  0.000E+000  1.535E+007  5.191E+001  8.429E-001  6.468E+000  5.092E+000  1.885E+006  6.953E-310  0.000E+000  0.000E+000  0.000E+000  0.000E+000  0.000E+000  2.733E-312  6.953E-310  6.953E-310  0.000E+000  1.260E+007  8.708E+005 -2.686E-004  1.255E-004 -5.469E-004 -3.973E+000
  166   12.44472  1.166E+002  1.344E+000  5.024E+003  5.024E+003 -4.069E+000  4.288E-005 -1.430E-004  7.002E+007  9.405E-002  7.446E+008  5.110E+004  7.445E+008  0.000E+000  0.000E+000  0.000E+000  1.447E+007  5.304E+001  8.429E-001  6.468E+000  5.092E+000  1.784E+006  6.953E-310  0.000E+000  0.000E+000  0.000E+000  0.000E+000  0.000E+000  2.733E-312  6.953E-310  6.953E-310  0.000E+000  1.186E+007  8.269E+005 -2.686E-004  1.255E-004 -5.469E-004 -4.069E+000
  167   13.30575  1.207E+002  1.299E+000  5.024E+003  5.024E+003 -4.210E+000  4.362E-005 -1.430E-004  7.089E+007  4.734E-002  1.497E+009  5.288E+004  1.497E+009  0.000E+000  0.000E+000  0.000E+000  1.329E+007  5.391E+001  8.429E-001  6.468E+000  5.092E+000  1.647E+006  6.953E-310  0.000E+000  0.000E+000  0.000E+000  0.000E+000  0.000E+000  2.733E-312  6.953E-310  6.953E-310  0.000E+000  1.087E+007  7.672E+005 -2.686E-004  1.255E-004 -5.469E-004 -4.210E+000
  168   14.22635  1.261E+002  1.244E+000  5.024E+003  5.024E+003 -4.397E+000  4.458E-005 -1.430E-004  7.144E+007  4.734E-002  1.509E+009  5.523E+004  1.509E+009  0.000E+000  0.000E+000  0.000E+000  1.189E+007  5.446E+001  8.429E-001  6.468E+000  5.092E+000  1.489E+006  6.953E-310  0.000E+000  0.000E+000  0.000E+000  0.000E+000  0.000E+000  2.733E-312  6.953E-310  6.953E-310  0.000E+000  9.699E+006  6.978E+005 -2.686E-004  1.255E-004 -5.469E-004 -4.397E+000
  169   15.21065  1.312E+002  1.195E+000  5.024E+003  5.024E+003 -4.578E+000  4.549E-005 -1.430E-004  7.196E+007  4.734E-002  1.520E+009  5.750E+004  1.520E+009  0.000E+000  0.000E+000  0.000E+000  1.071E+007  5.498E+001  8.429E-001  6.468E+000  5.092E+000  1.357E+006  6.953E-310  0.000E+000  0.000E+000  0.000E+000  0.000E+000  0.000E+000  2.733E-312  6.953E-310  6.953E-310  0.000E+000  8.713E+006  6.389E+005 -2.686E-004  1.255E-004 -5.469E-004 -4.578E+000
  170   16.26305  1.363E+002  1.150E+000  5.024E+003  5.024E+003 -4.755E+000  4.636E-005 -1.430E-004  7.247E+007  4.734E-002  1.531E+009  5.973E+004  1.531E+009  0.000E+000  0.000E+000  0.000E+000  9.716E+006  5.549E+001  8.429E-001  6.468E+000  5.092E+000  1.244E+006  6.953E-310  0.000E+000  0.000E+000  0.000E+000  0.000E+000  0.000E+000  2.733E-312  6.953E-310  6.953E-310  0.000E+000  7.884E+006  5.883E+005 -2.686E-004  1.255E-004 -5.469E-004 -4.755E+000
  171   17.38827  1.413E+002  1.110E+000  5.024E+003  5.024E+003 -4.929E+000  4.720E-005 -1.430E-004  7.297E+007  4.734E-002  1.541E+009  6.191E+004  1.541E+009  0.000E+000  0.000E+000  0.000E+000  8.872E+006  5.598E+001  8.429E-001  6.468E+000  5.092E+000  1.146E+006  6.953E-310  0.000E+000  0.000E+000  0.000E+000  0.000E+000  0.000E+000  2.733E-312  6.953E-310  6.953E-310  0.000E+000  7.182E+006  5.443E+005 -2.686E-004  1.255E-004 -5.469E-004 -4.929E+000
  172   18.59134  1.462E+002  1.072E+000  5.024E+003  5.024E+003 -5.101E+000  4.801E-005 -1.430E-004  7.345E+007  4.734E-002  1.551E+009  6.406E+004  1.551E+009  0.000E+000  0.000E+000  0.000E+000  8.161E+006  5.647E+001  8.429E-001  6.468E+000  5.092E+000  1.060E+006  6.953E-310  0.000E+000  0.000E+000  0.000E+000  0.000E+000  0.000E+000  2.733E-312  6.953E-310  6.953E-310  0.000E+000  6.595E+006  5.058E+005 -2.686E-004  1.255E-004 -5.469E-004 -5.101E+000
  173   19.87764  1.511E+002  1.038E+000  5.024E+003  5.024E+003 -5.270E+000  4.880E-005 -1.430E-004  7.393E+007  4.734E-002  1.562E+009  6.619E+004  1.561E+009  0.000E+000  0.000E+000  0.000E+000  7.549E+006  5.695E+001  8.429E-001  6.468E+000  5.092E+000  9.841E+005  6.953E-310  0.000E+000  0.000E+000  0.000E+000  0.000E+000  0.000E+000  2.733E-312  6.953E-310  6.953E-310  0.000E+000  6.094E+006  4.716E+005 -2.686E-004  1.255E-004 -5.469E-004 -5.270E+000
  174   21.25295  1.559E+002  1.006E+000  5.024E+003  5.024E+003 -5.439E+000  4.958E-005 -1.430E-004  7.440E+007  4.734E-002  1.572E+009  6.831E+004  1.571E+009  0.000E+000  0.000E+000  0.000E+000  7.026E+006  5.742E+001  8.429E-001  6.468E+000  5.092E+000  9.166E+005  6.953E-310  0.000E+000  0.000E+000  0.000E+000  0.000E+000  0.000E+000  2.733E-312  6.953E-310  6.953E-310  0.000E+000  5.669E+006  4.411E+005 -2.686E-004  1.255E-004 -5.469E-004 -5.439E+000
  175   22.72341  1.607E+002  9.755E-001  5.024E+003  5.024E+003 -5.606E+000  5.034E-005 -1.430E-004  7.487E+007  4.734E-002  1.582E+009  7.041E+004  1.581E+009  0.000E+000  0.000E+000  0.000E+000  6.582E+006  5.789E+001  8.429E-001  6.468E+000  5.092E+000  8.560E+005  6.953E-310  0.000E+000  0.000E+000  0.000E+000  0.000E+000  0.000E+000  2.733E-312  6.953E-310  6.953E-310  0.000E+000  5.312E+006  4.139E+005 -2.686E-004  1.255E-004 -5.469E-004 -5.606E+000
  176   24.29560  1.655E+002  9.472E-001  5.024E+003  5.024E+003 -5.774E+000  5.108E-005 -1.430E-004  7.535E+007  4.734E-002  1.592E+009  7.252E+004  1.592E+009  0.000E+000  0.000E+000  0.000E+000  6.189E+006  5.837E+001  8.429E-001  6.468E+000  5.092E+000  8.012E+005  6.953E-310  0.000E+000  0.000E+000  0.000E+000  0.000E+000  0.000E+000  2.733E-312  6.953E-310  6.953E-310  0.000E+000  4.998E+006  3.893E+005 -2.686E-004  1.255E-004 -5.469E-004 -5.774E+000
  177   25.97658  1.703E+002  9.205E-001  5.024E+003  5.024E+003 -5.942E+000  5.182E-005 -1.430E-004  7.583E+007  4.734E-002  1.602E+009  7.462E+004  1.602E+009  0.000E+000  0.000E+000  0.000E+000  5.856E+006  5.885E+001  8.429E-001  6.468E+000  5.092E+000  7.516E+005  6.953E-310  0.000E+000  0.000E+000  0.000E+000  0.000E+000  0.000E+000  2.733E-312  6.953E-310  6.953E-310  0.000E+000  4.737E+006  3.672E+005 -2.686E-004  1.255E-004 -5.469E-004 -5.942E+000
  178   27.77386  1.751E+002  8.952E-001  5.024E+003  5.024E+003 -6.110E+000  5.255E-005 -1.430E-004  7.631E+007  4.734E-002  1.612E+009  7.673E+004  1.612E+009  0.000E+000  0.000E+000  0.000E+000  5.552E+006  5.933E+001  8.429E-001  6.468E+000  5.092E+000  7.062E+005  6.953E-310  0.000E+000  0.000E+000  0.000E+000  0.000E+000  0.000E+000  2.733E-312  6.953E-310  6.953E-310  0.000E+000  4.499E+006  3.469E+005 -2.686E-004  1.255E-004 -5.469E-004 -6.110E+000
  179   29.69549  1.800E+002  8.711E-001  5.024E+003  5.024E+003 -6.278E+000  5.327E-005 -1.430E-004  7.681E+007  4.734E-002  1.622E+009  7.885E+004  1.622E+009  0.000E+000  0.000E+000  0.000E+000  5.293E+006  5.982E+001  8.429E-001  6.468E+000  5.092E+000  6.647E+005  6.953E-310  0.000E+000  0.000E+000  0.000E+000  0.000E+000  0.000E+000  2.733E-312  6.953E-310  6.953E-310  0.000E+000  4.300E+006  3.285E+005 -2.686E-004  1.255E-004 -5.469E-004 -6.278E+000
  180   31.75008  1.848E+002  8.482E-001  5.024E+003  5.024E+003 -6.448E+000  5.398E-005 -1.430E-004  7.731E+007  4.734E-002  1.633E+009  8.099E+004  1.633E+009  0.000E+000  0.000E+000  0.000E+000  5.053E+006  6.033E+001  8.429E-001  6.468E+000  5.092E+000  6.264E+005  6.953E-310  0.000E+000  0.000E+000  0.000E+000  0.000E+000  0.000E+000  2.733E-312  6.953E-310  6.953E-310  0.000E+000  4.115E+006  3.115E+005 -2.686E-004  1.255E-004 -5.469E-004 -6.448E+000
  181   33.94682  1.898E+002  8.262E-001  5.024E+003  5.024E+003 -6.619E+000  5.470E-005 -1.430E-004  7.782E+007  4.734E-002  1.644E+009  8.314E+004  1.644E+009  0.000E+000  0.000E+000  0.000E+000  4.843E+006  6.084E+001  8.429E-001  6.468E+000  5.092E+000  5.912E+005  6.953E-310  0.000E+000  0.000E+000  0.000E+000  0.000E+000  0.000E+000  2.733E-312  6.953E-310  6.953E-310  0.000E+000  3.955E+006  2.962E+005 -2.686E-004  1.255E-004 -5.469E-004 -6.619E+000
  182   36.29555  1.947E+002  8.052E-001  5.024E+003  5.024E+003 -6.792E+000  5.540E-005 -1.430E-004  7.835E+007  4.734E-002  1.655E+009  8.530E+004  1.655E+009  0.000E+000  0.000E+000  0.000E+000  4.645E+006  6.137E+001  8.429E-001  6.468E+000  5.092E+000  5.585E+005  6.953E-310  0.000E+000  0.000E+000  0.000E+000  0.000E+000  0.000E+000  2.733E-312  6.953E-310  6.953E-310  0.000E+000  3.804E+006  2.819E+005 -2.686E-004  1.255E-004 -5.469E-004 -6.792E+000
  183   38.80678  1.997E+002  7.851E-001  5.024E+003  5.024E+003 -6.966E+000  5.611E-005 -1.430E-004  7.889E+007  4.734E-002  1.666E+009  8.749E+004  1.666E+009  0.000E+000  0.000E+000  0.000E+000  4.467E+006  6.191E+001  8.429E-001  6.468E+000  5.092E+000  5.283E+005  6.953E-310  0.000E+000  0.000E+000  0.000E+000  0.000E+000  0.000E+000  2.733E-312  6.953E-310  6.953E-310  0.000E+000  3.670E+006  2.689E+005 -2.686E-004  1.255E-004 -5.469E-004 -6.966E+000
  184   41.49176  2.047E+002  7.657E-001  5.024E+003  5.024E+003 -7.142E+000  5.682E-005 -1.430E-004  7.945E+007  4.734E-002  1.678E+009  8.971E+004  1.678E+009  0.000E+000  0.000E+000  0.000E+000  4.298E+006  6.247E+001  8.429E-001  6.468E+000  5.092E+000  5.000E+005  6.953E-310  0.000E+000  0.000E+000  0.000E+000  0.000E+000  0.000E+000  2.733E-312  6.953E-310  6.953E-310  0.000E+000  3.542E+006  2.567E+005 -2.686E-004  1.255E-004 -5.469E-004 -7.142E+000
  185   44.36251  2.099E+002  7.471E-001  5.024E+003  5.024E+003 -7.321E+000  5.752E-005 -1.430E-004  8.002E+007  4.734E-002  1.690E+009  9.195E+004  1.690E+009  0.000E+000  0.000E+000  0.000E+000  4.142E+006  6.304E+001  8.429E-001  6.468E+000  5.092E+000  4.738E+005  6.953E-310  0.000E+000  0.000E+000  0.000E+000  0.000E+000  0.000E+000  2.733E-312  6.953E-310  6.953E-310  0.000E+000  3.423E+006  2.455E+005 -2.686E-004  1.255E-004 -5.469E-004 -7.321E+000
  186   47.43189  2.150E+002  7.291E-001  5.024E+003  5.024E+003 -7.501E+000  5.823E-005 -1.430E-004  8.061E+007  4.734E-002  1.703E+009  9.421E+004  1.703E+009  0.000E+000  0.000E+000  0.000E+000  3.994E+006  6.363E+001  8.429E-001  6.468E+000  5.092E+000  4.492E+005  6.953E-310  0.000E+000  0.000E+000  0.000E+000  0.000E+000  0.000E+000  2.733E-312  6.953E-310  6.953E-310  0.000E+000  3.310E+006  2.350E+005 -2.686E-004  1.255E-004 -5.469E-004 -7.501E+000
  187   50.71363  2.203E+002  7.117E-001  5.024E+003  5.024E+003 -7.685E+000  5.893E-005 -1.430E-004  8.122E+007  4.734E-002  1.716E+009  9.651E+004  1.716E+009  0.000E+000  0.000E+000  0.000E+000  3.852E+006  6.424E+001  8.429E-001  6.468E+000  5.092E+000  4.262E+005  6.953E-310  0.000E+000  0.000E+000  0.000E+000  0.000E+000  0.000E+000  2.733E-312  6.953E-310  6.953E-310  0.000E+000  3.200E+006  2.253E+005 -2.686E-004  1.255E-004 -5.469E-004 -7.685E+000
  188   54.22243  2.256E+002  6.949E-001  5.024E+003  5.024E+003 -7.870E+000  5.964E-005 -1.430E-004  8.185E+007  4.734E-002  1.729E+009  9.885E+004  1.729E+009  0.000E+000  0.000E+000  0.000E+000  3.716E+006  6.487E+001  8.429E-001  6.468E+000  5.092E+000  4.046E+005  6.953E-310  0.000E+000  0.000E+000  0.000E+000  0.000E+000  0.000E+000  2.733E-312  6.953E-310  6.953E-310  0.000E+000  3.095E+006  2.162E+005 -2.686E-004  1.255E-004 -5.469E-004 -7.870E+000
  189   57.97400  2.310E+002  6.786E-001  5.024E+003  5.024E+003 -8.059E+000  6.035E-005 -1.430E-004  8.250E+007  4.734E-002  1.743E+009  1.012E+005  1.742E+009  0.000E+000  0.000E+000  0.000E+000  3.585E+006  6.552E+001  8.429E-001  6.468E+000  5.092E+000  3.843E+005  6.953E-310  0.000E+000  0.000E+000  0.000E+000  0.000E+000  0.000E+000  2.733E-312  6.953E-310  6.953E-310  0.000E+000  2.993E+006  2.077E+005 -2.686E-004  1.255E-004 -5.469E-004 -8.059E+000
  190   61.98513  2.365E+002  6.629E-001  5.024E+003  5.024E+003 -8.251E+000  6.106E-005 -1.430E-004  8.317E+007  4.734E-002  1.757E+009  1.036E+005  1.757E+009  0.000E+000  0.000E+000  0.000E+000  3.457E+006  6.618E+001  8.429E-001  6.468E+000  5.092E+000  3.652E+005  6.953E-310  0.000E+000  0.000E+000  0.000E+000  0.000E+000  0.000E+000  2.733E-312  6.953E-310  6.953E-310  0.000E+000  2.892E+006  1.997E+005 -2.686E-004  1.255E-004 -5.469E-004 -8.251E+000
  191   66.27379  2.421E+002  6.476E-001  5.024E+003  5.024E+003 -8.446E+000  6.178E-005 -1.430E-004  8.386E+007  4.734E-002  1.771E+009  1.061E+005  1.771E+009  0.000E+000  0.000E+000  0.000E+000  3.334E+006  6.687E+001  8.429E-001  6.468E+000  5.092E+000  3.473E+005  6.953E-310  0.000E+000  0.000E+000  0.000E+000  0.000E+000  0.000E+000  2.733E-312  6.953E-310  6.953E-310  0.000E+000  2.794E+006  1.921E+005 -2.686E-004  1.255E-004 -5.469E-004 -8.446E+000
  192   70.85917  2.478E+002  6.327E-001  5.024E+003  5.024E+003 -8.644E+000  6.250E-005 -1.430E-004  8.457E+007  4.734E-002  1.786E+009  1.086E+005  1.786E+009  0.000E+000  0.000E+000  0.000E+000  3.209E+006  6.758E+001  8.429E-001  6.468E+000  5.092E+000  3.303E+005  6.953E-310  0.000E+000  0.000E+000  0.000E+000  0.000E+000  0.000E+000  2.733E-312  6.953E-310  6.953E-310  0.000E+000  2.694E+006  1.851E+005 -2.686E-004  1.255E-004 -5.469E-004 -8.644E+000
  193   75.76181  2.536E+002  6.183E-001  5.024E+003  5.024E+003 -8.846E+000  6.323E-005 -1.430E-004  8.530E+007  4.734E-002  1.802E+009  1.111E+005  1.802E+009  0.000E+000  0.000E+000  0.000E+000  3.090E+006  6.831E+001  8.429E-001  6.468E+000  5.092E+000  3.143E+005  6.953E-310  0.000E+000  0.000E+000  0.000E+000  0.000E+000  0.000E+000  2.733E-312  6.953E-310  6.953E-310  0.000E+000  2.597E+006  1.783E+005 -2.686E-004  1.255E-004 -5.469E-004 -8.846E+000
  194   81.00365  2.595E+002  6.043E-001  5.024E+003  5.024E+003 -9.051E+000  6.396E-005 -1.430E-004  8.605E+007  4.734E-002  1.818E+009  1.137E+005  1.817E+009  0.000E+000  0.000E+000  0.000E+000  2.968E+006  6.907E+001  8.429E-001  6.468E+000  5.092E+000  2.992E+005  6.953E-310  0.000E+000  0.000E+000  0.000E+000  0.000E+000  0.000E+000  2.733E-312  6.953E-310  6.953E-310  0.000E+000  2.497E+006  1.720E+005 -2.686E-004  1.255E-004 -5.469E-004 -9.051E+000
  195   86.60817  2.655E+002  5.906E-001  5.024E+003  5.024E+003 -9.260E+000  6.469E-005 -1.430E-004  8.682E+007  4.734E-002  1.834E+009  1.163E+005  1.834E+009  0.000E+000  0.000E+000  0.000E+000  2.850E+006  6.984E+001  8.429E-001  6.468E+000  5.092E+000  2.850E+005  6.953E-310  0.000E+000  0.000E+000  0.000E+000  0.000E+000  0.000E+000  2.733E-312  6.953E-310  6.953E-310  0.000E+000  2.399E+006  1.659E+005 -2.686E-004  1.255E-004 -5.469E-004 -9.260E+000
  196   92.60046  2.716E+002  5.773E-001  5.024E+003  5.024E+003 -9.474E+000  6.543E-005 -1.430E-004  8.761E+007  4.734E-002  1.851E+009  1.190E+005  1.850E+009  0.000E+000  0.000E+000  0.000E+000  2.732E+006  7.063E+001  8.429E-001  6.468E+000  5.092E+000  2.714E+005  6.953E-310  0.000E+000  0.000E+000  0.000E+000  0.000E+000  0.000E+000  2.733E-312  6.953E-310  6.953E-310  0.000E+000  2.300E+006  1.601E+005 -2.686E-004  1.255E-004 -5.469E-004 -9.474E+000
  197   99.00735  2.778E+002  5.644E-001  5.024E+003  5.024E+003 -9.691E+000  6.618E-005 -1.430E-004  8.842E+007  4.734E-002  1.868E+009  1.217E+005  1.868E+009  0.000E+000  0.000E+000  0.000E+000  2.614E+006  7.144E+001  8.429E-001  6.468E+000  5.092E+000  2.586E+005  6.953E-310  0.000E+000  0.000E+000  0.000E+000  0.000E+000  0.000E+000  2.733E-312  6.953E-310  6.953E-310  0.000E+000  2.201E+006  1.546E+005 -2.686E-004  1.255E-004 -5.469E-004 -9.691E+000
  198  105.85751  2.842E+002  5.517E-001  5.024E+003  5.024E+003 -9.913E+000  6.693E-005 -1.430E-004  8.925E+007  4.734E-002  1.885E+009  1.245E+005  1.885E+009  0.000E+000  0.000E+000  0.000E+000  2.500E+006  7.227E+001  8.429E-001  6.468E+000  5.092E+000  2.465E+005  6.953E-310  0.000E+000  0.000E+000  0.000E+000  0.000E+000  0.000E+000  2.733E-312  6.953E-310  6.953E-310  0.000E+000  2.104E+006  1.494E+005 -2.686E-004  1.255E-004 -5.469E-004 -9.913E+000
  199  113.18164  2.906E+002  5.394E-001  5.024E+003  5.024E+003 -1.014E+001  6.769E-005 -1.430E-004  9.010E+007  4.734E-002  1.903E+009  1.273E+005  1.903E+009  0.000E+000  0.000E+000  0.000E+000  2.384E+006  7.312E+001  8.429E-001  6.468E+000  5.092E+000  2.350E+005  6.953E-310  0.000E+000  0.000E+000  0.000E+000  0.000E+000  0.000E+000  2.733E-312  6.953E-310  6.953E-310  0.000E+000  2.004E+006  1.443E+005 -2.686E-004  1.255E-004 -5.469E-004 -1.014E+001
  200  121.01250  2.973E+002  5.274E-001  5.024E+003  5.024E+003 -1.037E+001  6.846E-005 -1.430E-004  9.096E+007  4.734E-002  1.921E+009  1.302E+005  1.921E+009  0.000E+000  0.000E+000  0.000E+000  2.273E+006  7.398E+001  8.429E-001  6.468E+000  5.092E+000  2.240E+005  6.953E-310  0.000E+000  0.000E+000  0.000E+000  0.000E+000  0.000E+000  2.733E-312  6.953E-310  6.953E-310  0.000E+000  1.910E+006  1.395E+005 -2.686E-004  1.255E-004 -5.469E-004 -1.037E+001
  201  129.38517  3.040E+002  5.157E-001  5.024E+003  5.024E+003 -1.060E+001  6.923E-005 -1.430E-004  9.184E+007  4.734E-002  1.940E+009  1.332E+005  1.940E+009  0.000E+000  0.000E+000  0.000E+000  2.163E+006  7.486E+001  8.429E-001  6.468E+000  5.092E+000  2.137E+005  6.953E-310  0.000E+000  0.000E+000  0.000E+000  0.000E+000  0.000E+000  2.733E-312  6.953E-310  6.953E-310  0.000E+000  1.814E+006  1.349E+005 -2.686E-004  1.255E-004 -5.469E-004 -1.060E+001
