Mean quadratic charge as a function dwell time.
Temperature :      1.0 -  40000.0 eV
Density     : 1.00e+20m-3
   200     5  # Te values, dwell time

Source data:
acd : /home/adas/adas/adf11/acd96/acd96_ne.dat
scd : /home/adas/adas/adf11/scd96/scd96_ne.dat
plt : /home/adas/adas/adf11/plt96/plt96_ne.dat
prb : /home/adas/adas/adf11/prb96/prb96_ne.dat

Te[eV]
 1.000e+00 1.055e+00 1.112e+00 1.173e+00 1.237e+00 1.305e+00 1.376e+00 1.452e+00
 1.531e+00 1.615e+00 1.703e+00 1.796e+00 1.895e+00 1.998e+00 2.107e+00 2.223e+00
 2.344e+00 2.473e+00 2.608e+00 2.750e+00 2.901e+00 3.059e+00 3.227e+00 3.403e+00
 3.589e+00 3.786e+00 3.993e+00 4.211e+00 4.441e+00 4.684e+00 4.941e+00 5.211e+00
 5.496e+00 5.796e+00 6.113e+00 6.448e+00 6.800e+00 7.172e+00 7.565e+00 7.978e+00
 8.415e+00 8.875e+00 9.360e+00 9.872e+00 1.041e+01 1.098e+01 1.158e+01 1.222e+01
 1.288e+01 1.359e+01 1.433e+01 1.512e+01 1.594e+01 1.681e+01 1.773e+01 1.870e+01
 1.973e+01 2.081e+01 2.194e+01 2.314e+01 2.441e+01 2.574e+01 2.715e+01 2.864e+01
 3.020e+01 3.186e+01 3.360e+01 3.544e+01 3.737e+01 3.942e+01 4.157e+01 4.385e+01
 4.625e+01 4.877e+01 5.144e+01 5.426e+01 5.722e+01 6.035e+01 6.365e+01 6.713e+01
 7.081e+01 7.468e+01 7.876e+01 8.307e+01 8.761e+01 9.241e+01 9.746e+01 1.028e+02
 1.084e+02 1.143e+02 1.206e+02 1.272e+02 1.341e+02 1.415e+02 1.492e+02 1.574e+02
 1.660e+02 1.751e+02 1.846e+02 1.947e+02 2.054e+02 2.166e+02 2.285e+02 2.410e+02
 2.542e+02 2.681e+02 2.827e+02 2.982e+02 3.145e+02 3.317e+02 3.498e+02 3.690e+02
 3.891e+02 4.104e+02 4.329e+02 4.565e+02 4.815e+02 5.078e+02 5.356e+02 5.649e+02
 5.958e+02 6.284e+02 6.628e+02 6.990e+02 7.373e+02 7.776e+02 8.201e+02 8.650e+02
 9.123e+02 9.622e+02 1.015e+03 1.070e+03 1.129e+03 1.191e+03 1.256e+03 1.324e+03
 1.397e+03 1.473e+03 1.554e+03 1.639e+03 1.728e+03 1.823e+03 1.923e+03 2.028e+03
 2.139e+03 2.256e+03 2.379e+03 2.509e+03 2.646e+03 2.791e+03 2.944e+03 3.105e+03
 3.274e+03 3.454e+03 3.642e+03 3.842e+03 4.052e+03 4.273e+03 4.507e+03 4.754e+03
 5.014e+03 5.288e+03 5.577e+03 5.882e+03 6.204e+03 6.543e+03 6.901e+03 7.278e+03
 7.676e+03 8.096e+03 8.539e+03 9.006e+03 9.499e+03 1.002e+04 1.057e+04 1.114e+04
 1.175e+04 1.240e+04 1.307e+04 1.379e+04 1.454e+04 1.534e+04 1.618e+04 1.706e+04
 1.800e+04 1.898e+04 2.002e+04 2.111e+04 2.227e+04 2.349e+04 2.477e+04 2.612e+04
 2.755e+04 2.906e+04 3.065e+04 3.233e+04 3.409e+04 3.596e+04 3.793e+04 4.000e+04
sqrt(<Z^2>) for tau[ms]=    0.1
 2.006e-03 3.194e-03 4.966e-03 7.545e-03 1.122e-02 1.633e-02 2.330e-02 3.262e-02
 4.486e-02 6.065e-02 8.065e-02 1.056e-01 1.360e-01 1.726e-01 2.157e-01 2.653e-01
 3.210e-01 3.818e-01 4.462e-01 5.122e-01 5.777e-01 6.409e-01 7.005e-01 7.562e-01
 8.083e-01 8.584e-01 9.082e-01 9.600e-01 1.016e+00 1.077e+00 1.144e+00 1.216e+00
 1.291e+00 1.368e+00 1.444e+00 1.517e+00 1.585e+00 1.647e+00 1.704e+00 1.756e+00
 1.805e+00 1.853e+00 1.901e+00 1.952e+00 2.008e+00 2.071e+00 2.140e+00 2.216e+00
 2.297e+00 2.383e+00 2.472e+00 2.564e+00 2.657e+00 2.754e+00 2.852e+00 2.953e+00
 3.057e+00 3.163e+00 3.270e+00 3.378e+00 3.487e+00 3.596e+00 3.706e+00 3.815e+00
 3.923e+00 4.029e+00 4.134e+00 4.237e+00 4.338e+00 4.438e+00 4.536e+00 4.634e+00
 4.733e+00 4.833e+00 4.936e+00 5.041e+00 5.149e+00 5.256e+00 5.363e+00 5.467e+00
 5.567e+00 5.661e+00 5.750e+00 5.835e+00 5.915e+00 5.993e+00 6.069e+00 6.144e+00
 6.217e+00 6.289e+00 6.359e+00 6.427e+00 6.492e+00 6.555e+00 6.615e+00 6.673e+00
 6.727e+00 6.779e+00 6.828e+00 6.875e+00 6.920e+00 6.962e+00 7.002e+00 7.039e+00
 7.074e+00 7.106e+00 7.136e+00 7.163e+00 7.188e+00 7.211e+00 7.233e+00 7.253e+00
 7.273e+00 7.293e+00 7.312e+00 7.332e+00 7.353e+00 7.374e+00 7.397e+00 7.420e+00
 7.443e+00 7.466e+00 7.489e+00 7.511e+00 7.532e+00 7.551e+00 7.565e+00 7.575e+00
 7.577e+00 7.566e+00 7.535e+00 7.476e+00 7.391e+00 7.302e+00 7.245e+00 7.264e+00
 7.383e+00 7.576e+00 7.758e+00 7.859e+00 7.901e+00 7.919e+00 7.930e+00 7.938e+00
 7.945e+00 7.951e+00 7.956e+00 7.959e+00 7.958e+00 7.946e+00 7.912e+00 7.843e+00
 7.740e+00 7.617e+00 7.495e+00 7.395e+00 7.326e+00 7.288e+00 7.275e+00 7.277e+00
 7.284e+00 7.287e+00 7.285e+00 7.280e+00 7.271e+00 7.261e+00 7.251e+00 7.241e+00
 7.231e+00 7.222e+00 7.213e+00 7.204e+00 7.195e+00 7.186e+00 7.177e+00 7.168e+00
 7.158e+00 7.148e+00 7.138e+00 7.128e+00 7.118e+00 7.108e+00 7.098e+00 7.087e+00
 7.077e+00 7.067e+00 7.056e+00 7.046e+00 7.036e+00 7.025e+00 7.015e+00 7.004e+00
 6.994e+00 6.983e+00 6.973e+00 6.962e+00 6.952e+00 6.941e+00 6.930e+00 6.920e+00
sqrt(<Z^2>) for tau[ms]=    1.0
 6.097e-03 9.751e-03 1.522e-02 2.319e-02 3.457e-02 5.042e-02 7.203e-02 1.008e-01
 1.384e-01 1.860e-01 2.448e-01 3.148e-01 3.947e-01 4.812e-01 5.695e-01 6.542e-01
 7.305e-01 7.961e-01 8.512e-01 8.983e-01 9.413e-01 9.854e-01 1.036e+00 1.096e+00
 1.171e+00 1.258e+00 1.355e+00 1.456e+00 1.553e+00 1.640e+00 1.716e+00 1.778e+00
 1.828e+00 1.869e+00 1.904e+00 1.935e+00 1.966e+00 2.002e+00 2.046e+00 2.103e+00
 2.176e+00 2.264e+00 2.365e+00 2.472e+00 2.582e+00 2.691e+00 2.799e+00 2.906e+00
 3.016e+00 3.129e+00 3.245e+00 3.363e+00 3.481e+00 3.600e+00 3.718e+00 3.837e+00
 3.959e+00 4.082e+00 4.207e+00 4.332e+00 4.455e+00 4.577e+00 4.696e+00 4.815e+00
 4.935e+00 5.057e+00 5.185e+00 5.318e+00 5.459e+00 5.607e+00 5.762e+00 5.921e+00
 6.083e+00 6.246e+00 6.406e+00 6.560e+00 6.706e+00 6.842e+00 6.965e+00 7.077e+00
 7.176e+00 7.263e+00 7.339e+00 7.406e+00 7.464e+00 7.515e+00 7.559e+00 7.599e+00
 7.634e+00 7.665e+00 7.692e+00 7.716e+00 7.738e+00 7.758e+00 7.775e+00 7.791e+00
 7.806e+00 7.820e+00 7.833e+00 7.846e+00 7.859e+00 7.873e+00 7.887e+00 7.902e+00
 7.919e+00 7.937e+00 7.958e+00 7.981e+00 8.007e+00 8.037e+00 8.069e+00 8.106e+00
 8.146e+00 8.189e+00 8.236e+00 8.287e+00 8.339e+00 8.395e+00 8.452e+00 8.510e+00
 8.568e+00 8.626e+00 8.683e+00 8.738e+00 8.791e+00 8.843e+00 8.891e+00 8.936e+00
 8.977e+00 9.014e+00 9.045e+00 9.069e+00 9.085e+00 9.096e+00 9.111e+00 9.139e+00
 9.185e+00 9.240e+00 9.289e+00 9.321e+00 9.343e+00 9.361e+00 9.376e+00 9.390e+00
 9.402e+00 9.414e+00 9.424e+00 9.434e+00 9.442e+00 9.447e+00 9.449e+00 9.445e+00
 9.435e+00 9.419e+00 9.401e+00 9.385e+00 9.374e+00 9.369e+00 9.370e+00 9.373e+00
 9.377e+00 9.380e+00 9.382e+00 9.382e+00 9.382e+00 9.381e+00 9.380e+00 9.379e+00
 9.377e+00 9.376e+00 9.375e+00 9.373e+00 9.371e+00 9.369e+00 9.367e+00 9.365e+00
 9.362e+00 9.359e+00 9.357e+00 9.354e+00 9.351e+00 9.348e+00 9.345e+00 9.342e+00
 9.338e+00 9.335e+00 9.332e+00 9.329e+00 9.326e+00 9.323e+00 9.319e+00 9.316e+00
 9.313e+00 9.309e+00 9.306e+00 9.302e+00 9.299e+00 9.296e+00 9.292e+00 9.288e+00
sqrt(<Z^2>) for tau[ms]=   10.0
 1.453e-02 2.378e-02 3.790e-02 5.888e-02 8.922e-02 1.318e-01 1.897e-01 2.653e-01
 3.587e-01 4.664e-01 5.795e-01 6.863e-01 7.770e-01 8.473e-01 8.986e-01 9.360e-01
 9.655e-01 9.939e-01 1.028e+00 1.077e+00 1.147e+00 1.242e+00 1.357e+00 1.483e+00
 1.603e+00 1.707e+00 1.789e+00 1.850e+00 1.894e+00 1.926e+00 1.948e+00 1.966e+00
 1.983e+00 2.001e+00 2.026e+00 2.063e+00 2.118e+00 2.196e+00 2.296e+00 2.414e+00
 2.537e+00 2.655e+00 2.763e+00 2.861e+00 2.953e+00 3.048e+00 3.148e+00 3.257e+00
 3.372e+00 3.489e+00 3.605e+00 3.719e+00 3.830e+00 3.942e+00 4.058e+00 4.179e+00
 4.304e+00 4.433e+00 4.561e+00 4.688e+00 4.815e+00 4.945e+00 5.080e+00 5.226e+00
 5.387e+00 5.566e+00 5.765e+00 5.982e+00 6.214e+00 6.450e+00 6.682e+00 6.898e+00
 7.092e+00 7.259e+00 7.399e+00 7.514e+00 7.606e+00 7.680e+00 7.738e+00 7.784e+00
 7.821e+00 7.850e+00 7.873e+00 7.892e+00 7.907e+00 7.919e+00 7.929e+00 7.937e+00
 7.944e+00 7.950e+00 7.956e+00 7.961e+00 7.965e+00 7.970e+00 7.975e+00 7.981e+00
 7.988e+00 7.998e+00 8.010e+00 8.025e+00 8.044e+00 8.069e+00 8.100e+00 8.137e+00
 8.183e+00 8.237e+00 8.301e+00 8.374e+00 8.458e+00 8.550e+00 8.650e+00 8.755e+00
 8.862e+00 8.969e+00 9.072e+00 9.169e+00 9.259e+00 9.340e+00 9.413e+00 9.477e+00
 9.534e+00 9.583e+00 9.626e+00 9.663e+00 9.696e+00 9.724e+00 9.748e+00 9.770e+00
 9.788e+00 9.804e+00 9.817e+00 9.829e+00 9.838e+00 9.845e+00 9.852e+00 9.860e+00
 9.870e+00 9.880e+00 9.889e+00 9.895e+00 9.900e+00 9.904e+00 9.908e+00 9.911e+00
 9.914e+00 9.917e+00 9.919e+00 9.921e+00 9.923e+00 9.925e+00 9.926e+00 9.926e+00
 9.926e+00 9.925e+00 9.923e+00 9.922e+00 9.921e+00 9.921e+00 9.921e+00 9.922e+00
 9.923e+00 9.924e+00 9.924e+00 9.924e+00 9.925e+00 9.925e+00 9.925e+00 9.925e+00
 9.925e+00 9.925e+00 9.925e+00 9.925e+00 9.925e+00 9.924e+00 9.924e+00 9.924e+00
 9.924e+00 9.923e+00 9.923e+00 9.923e+00 9.923e+00 9.922e+00 9.922e+00 9.922e+00
 9.921e+00 9.921e+00 9.921e+00 9.920e+00 9.920e+00 9.920e+00 9.919e+00 9.919e+00
 9.919e+00 9.918e+00 9.918e+00 9.917e+00 9.917e+00 9.917e+00 9.916e+00 9.916e+00
sqrt(<Z^2>) for tau[ms]=  100.0
 1.993e-02 3.346e-02 5.473e-02 8.725e-02 1.355e-01 2.043e-01 2.978e-01 4.154e-01
 5.485e-01 6.791e-01 7.887e-01 8.683e-01 9.207e-01 9.536e-01 9.750e-01 9.918e-01
 1.010e+00 1.038e+00 1.083e+00 1.155e+00 1.259e+00 1.389e+00 1.529e+00 1.659e+00
 1.763e+00 1.840e+00 1.893e+00 1.929e+00 1.953e+00 1.969e+00 1.981e+00 1.992e+00
 2.005e+00 2.024e+00 2.055e+00 2.103e+00 2.176e+00 2.274e+00 2.394e+00 2.522e+00
 2.645e+00 2.755e+00 2.850e+00 2.936e+00 3.021e+00 3.110e+00 3.210e+00 3.318e+00
 3.434e+00 3.550e+00 3.664e+00 3.774e+00 3.883e+00 3.993e+00 4.109e+00 4.230e+00
 4.356e+00 4.485e+00 4.614e+00 4.742e+00 4.871e+00 5.005e+00 5.148e+00 5.305e+00
 5.484e+00 5.687e+00 5.918e+00 6.173e+00 6.442e+00 6.711e+00 6.963e+00 7.183e+00
 7.367e+00 7.513e+00 7.627e+00 7.713e+00 7.779e+00 7.828e+00 7.865e+00 7.893e+00
 7.915e+00 7.931e+00 7.944e+00 7.954e+00 7.962e+00 7.968e+00 7.973e+00 7.977e+00
 7.980e+00 7.983e+00 7.985e+00 7.988e+00 7.991e+00 7.995e+00 8.000e+00 8.006e+00
 8.015e+00 8.027e+00 8.044e+00 8.066e+00 8.094e+00 8.130e+00 8.175e+00 8.230e+00
 8.296e+00 8.375e+00 8.466e+00 8.570e+00 8.687e+00 8.812e+00 8.942e+00 9.071e+00
 9.196e+00 9.311e+00 9.415e+00 9.505e+00 9.583e+00 9.648e+00 9.703e+00 9.748e+00
 9.786e+00 9.817e+00 9.842e+00 9.864e+00 9.881e+00 9.896e+00 9.909e+00 9.919e+00
 9.928e+00 9.936e+00 9.942e+00 9.948e+00 9.952e+00 9.956e+00 9.960e+00 9.963e+00
 9.966e+00 9.969e+00 9.972e+00 9.974e+00 9.976e+00 9.977e+00 9.979e+00 9.980e+00
 9.981e+00 9.982e+00 9.983e+00 9.984e+00 9.985e+00 9.985e+00 9.986e+00 9.987e+00
 9.987e+00 9.987e+00 9.987e+00 9.988e+00 9.988e+00 9.988e+00 9.988e+00 9.989e+00
 9.989e+00 9.989e+00 9.989e+00 9.990e+00 9.990e+00 9.990e+00 9.990e+00 9.990e+00
 9.990e+00 9.990e+00 9.990e+00 9.991e+00 9.991e+00 9.991e+00 9.991e+00 9.991e+00
 9.991e+00 9.991e+00 9.991e+00 9.991e+00 9.991e+00 9.991e+00 9.991e+00 9.991e+00
 9.991e+00 9.991e+00 9.991e+00 9.991e+00 9.991e+00 9.991e+00 9.991e+00 9.991e+00
 9.991e+00 9.991e+00 9.991e+00 9.991e+00 9.991e+00 9.991e+00 9.991e+00 9.991e+00
sqrt(<Z^2>) for tau[ms]= 1000.0
 2.087e-02 3.523e-02 5.797e-02 9.299e-02 1.453e-01 2.203e-01 3.222e-01 4.493e-01
 5.894e-01 7.207e-01 8.246e-01 8.956e-01 9.398e-01 9.665e-01 9.838e-01 9.982e-01
 1.016e+00 1.044e+00 1.092e+00 1.168e+00 1.278e+00 1.414e+00 1.556e+00 1.683e+00
 1.784e+00 1.856e+00 1.905e+00 1.938e+00 1.959e+00 1.973e+00 1.984e+00 1.995e+00
 2.008e+00 2.027e+00 2.059e+00 2.109e+00 2.184e+00 2.285e+00 2.407e+00 2.536e+00
 2.658e+00 2.766e+00 2.860e+00 2.944e+00 3.028e+00 3.117e+00 3.216e+00 3.325e+00
 3.440e+00 3.556e+00 3.670e+00 3.780e+00 3.888e+00 3.999e+00 4.114e+00 4.236e+00
 4.362e+00 4.491e+00 4.620e+00 4.748e+00 4.877e+00 5.011e+00 5.155e+00 5.314e+00
 5.495e+00 5.702e+00 5.937e+00 6.198e+00 6.472e+00 6.745e+00 6.999e+00 7.219e+00
 7.400e+00 7.543e+00 7.653e+00 7.736e+00 7.798e+00 7.844e+00 7.879e+00 7.905e+00
 7.925e+00 7.940e+00 7.951e+00 7.960e+00 7.967e+00 7.973e+00 7.977e+00 7.981e+00
 7.983e+00 7.986e+00 7.988e+00 7.991e+00 7.994e+00 7.997e+00 8.002e+00 8.009e+00
 8.018e+00 8.031e+00 8.048e+00 8.071e+00 8.101e+00 8.139e+00 8.186e+00 8.244e+00
 8.313e+00 8.396e+00 8.492e+00 8.601e+00 8.722e+00 8.852e+00 8.986e+00 9.118e+00
 9.244e+00 9.359e+00 9.461e+00 9.549e+00 9.624e+00 9.686e+00 9.738e+00 9.780e+00
 9.815e+00 9.843e+00 9.867e+00 9.886e+00 9.902e+00 9.915e+00 9.926e+00 9.935e+00
 9.943e+00 9.950e+00 9.956e+00 9.960e+00 9.965e+00 9.968e+00 9.971e+00 9.974e+00
 9.976e+00 9.979e+00 9.980e+00 9.982e+00 9.984e+00 9.985e+00 9.986e+00 9.987e+00
 9.988e+00 9.989e+00 9.990e+00 9.990e+00 9.991e+00 9.992e+00 9.992e+00 9.993e+00
 9.993e+00 9.994e+00 9.994e+00 9.994e+00 9.995e+00 9.995e+00 9.995e+00 9.995e+00
 9.996e+00 9.996e+00 9.996e+00 9.996e+00 9.996e+00 9.997e+00 9.997e+00 9.997e+00
 9.997e+00 9.997e+00 9.997e+00 9.997e+00 9.997e+00 9.997e+00 9.998e+00 9.998e+00
 9.998e+00 9.998e+00 9.998e+00 9.998e+00 9.998e+00 9.998e+00 9.998e+00 9.998e+00
 9.998e+00 9.998e+00 9.998e+00 9.998e+00 9.999e+00 9.999e+00 9.999e+00 9.999e+00
 9.999e+00 9.999e+00 9.999e+00 9.999e+00 9.999e+00 9.999e+00 9.999e+00 9.999e+00
sqrt(<Z^2>) in equilibrium - infinite confinement
 2.098e-02 3.544e-02 5.836e-02 9.370e-02 1.465e-01 2.224e-01 3.254e-01 4.536e-01
 5.945e-01 7.258e-01 8.289e-01 8.988e-01 9.420e-01 9.680e-01 9.848e-01 9.989e-01
 1.016e+00 1.044e+00 1.093e+00 1.170e+00 1.280e+00 1.416e+00 1.559e+00 1.686e+00
 1.786e+00 1.858e+00 1.907e+00 1.939e+00 1.960e+00 1.974e+00 1.985e+00 1.995e+00
 2.008e+00 2.027e+00 2.059e+00 2.110e+00 2.185e+00 2.287e+00 2.408e+00 2.537e+00
 2.660e+00 2.768e+00 2.861e+00 2.945e+00 3.029e+00 3.118e+00 3.217e+00 3.326e+00
 3.441e+00 3.557e+00 3.671e+00 3.781e+00 3.889e+00 3.999e+00 4.115e+00 4.236e+00
 4.363e+00 4.491e+00 4.620e+00 4.749e+00 4.878e+00 5.012e+00 5.156e+00 5.316e+00
 5.497e+00 5.704e+00 5.940e+00 6.200e+00 6.476e+00 6.749e+00 7.003e+00 7.223e+00
 7.404e+00 7.547e+00 7.656e+00 7.738e+00 7.800e+00 7.846e+00 7.880e+00 7.906e+00
 7.926e+00 7.941e+00 7.952e+00 7.961e+00 7.968e+00 7.973e+00 7.978e+00 7.981e+00
 7.984e+00 7.986e+00 7.989e+00 7.991e+00 7.994e+00 7.998e+00 8.003e+00 8.009e+00
 8.019e+00 8.032e+00 8.049e+00 8.072e+00 8.102e+00 8.140e+00 8.188e+00 8.246e+00
 8.315e+00 8.398e+00 8.495e+00 8.604e+00 8.726e+00 8.856e+00 8.991e+00 9.124e+00
 9.250e+00 9.365e+00 9.467e+00 9.555e+00 9.629e+00 9.691e+00 9.742e+00 9.784e+00
 9.818e+00 9.846e+00 9.870e+00 9.889e+00 9.904e+00 9.917e+00 9.928e+00 9.937e+00
 9.945e+00 9.952e+00 9.957e+00 9.962e+00 9.966e+00 9.969e+00 9.973e+00 9.975e+00
 9.978e+00 9.980e+00 9.981e+00 9.983e+00 9.984e+00 9.986e+00 9.987e+00 9.988e+00
 9.989e+00 9.990e+00 9.991e+00 9.991e+00 9.992e+00 9.992e+00 9.993e+00 9.993e+00
 9.994e+00 9.994e+00 9.995e+00 9.995e+00 9.995e+00 9.996e+00 9.996e+00 9.996e+00
 9.996e+00 9.997e+00 9.997e+00 9.997e+00 9.997e+00 9.997e+00 9.997e+00 9.998e+00
 9.998e+00 9.998e+00 9.998e+00 9.998e+00 9.998e+00 9.998e+00 9.998e+00 9.998e+00
 9.998e+00 9.999e+00 9.999e+00 9.999e+00 9.999e+00 9.999e+00 9.999e+00 9.999e+00
 9.999e+00 9.999e+00 9.999e+00 9.999e+00 9.999e+00 9.999e+00 9.999e+00 9.999e+00
 9.999e+00 9.999e+00 9.999e+00 9.999e+00 9.999e+00 9.999e+00 1.000e+01 1.000e+01
