Mean charge as a function dwell time.
Temperature :      1.0 -  40000.0 eV
Density     : 1.00e+20m-3
   200     5  # Te values, dwell time

Source data:
acd : /home/adas/adas/adf11/acd96/acd96_ne.dat
scd : /home/adas/adas/adf11/scd96/scd96_ne.dat
plt : /home/adas/adas/adf11/plt96/plt96_ne.dat
prb : /home/adas/adas/adf11/prb96/prb96_ne.dat

Te[eV]
 1.000e+00 1.055e+00 1.112e+00 1.173e+00 1.237e+00 1.305e+00 1.376e+00 1.452e+00
 1.531e+00 1.615e+00 1.703e+00 1.796e+00 1.895e+00 1.998e+00 2.107e+00 2.223e+00
 2.344e+00 2.473e+00 2.608e+00 2.750e+00 2.901e+00 3.059e+00 3.227e+00 3.403e+00
 3.589e+00 3.786e+00 3.993e+00 4.211e+00 4.441e+00 4.684e+00 4.941e+00 5.211e+00
 5.496e+00 5.796e+00 6.113e+00 6.448e+00 6.800e+00 7.172e+00 7.565e+00 7.978e+00
 8.415e+00 8.875e+00 9.360e+00 9.872e+00 1.041e+01 1.098e+01 1.158e+01 1.222e+01
 1.288e+01 1.359e+01 1.433e+01 1.512e+01 1.594e+01 1.681e+01 1.773e+01 1.870e+01
 1.973e+01 2.081e+01 2.194e+01 2.314e+01 2.441e+01 2.574e+01 2.715e+01 2.864e+01
 3.020e+01 3.186e+01 3.360e+01 3.544e+01 3.737e+01 3.942e+01 4.157e+01 4.385e+01
 4.625e+01 4.877e+01 5.144e+01 5.426e+01 5.722e+01 6.035e+01 6.365e+01 6.713e+01
 7.081e+01 7.468e+01 7.876e+01 8.307e+01 8.761e+01 9.241e+01 9.746e+01 1.028e+02
 1.084e+02 1.143e+02 1.206e+02 1.272e+02 1.341e+02 1.415e+02 1.492e+02 1.574e+02
 1.660e+02 1.751e+02 1.846e+02 1.947e+02 2.054e+02 2.166e+02 2.285e+02 2.410e+02
 2.542e+02 2.681e+02 2.827e+02 2.982e+02 3.145e+02 3.317e+02 3.498e+02 3.690e+02
 3.891e+02 4.104e+02 4.329e+02 4.565e+02 4.815e+02 5.078e+02 5.356e+02 5.649e+02
 5.958e+02 6.284e+02 6.628e+02 6.990e+02 7.373e+02 7.776e+02 8.201e+02 8.650e+02
 9.123e+02 9.622e+02 1.015e+03 1.070e+03 1.129e+03 1.191e+03 1.256e+03 1.324e+03
 1.397e+03 1.473e+03 1.554e+03 1.639e+03 1.728e+03 1.823e+03 1.923e+03 2.028e+03
 2.139e+03 2.256e+03 2.379e+03 2.509e+03 2.646e+03 2.791e+03 2.944e+03 3.105e+03
 3.274e+03 3.454e+03 3.642e+03 3.842e+03 4.052e+03 4.273e+03 4.507e+03 4.754e+03
 5.014e+03 5.288e+03 5.577e+03 5.882e+03 6.204e+03 6.543e+03 6.901e+03 7.278e+03
 7.676e+03 8.096e+03 8.539e+03 9.006e+03 9.499e+03 1.002e+04 1.057e+04 1.114e+04
 1.175e+04 1.240e+04 1.307e+04 1.379e+04 1.454e+04 1.534e+04 1.618e+04 1.706e+04
 1.800e+04 1.898e+04 2.002e+04 2.111e+04 2.227e+04 2.349e+04 2.477e+04 2.612e+04
 2.755e+04 2.906e+04 3.065e+04 3.233e+04 3.409e+04 3.596e+04 3.793e+04 4.000e+04
<Z> for tau[ms]=    0.1
 4.023e-06 1.020e-05 2.466e-05 5.693e-05 1.258e-04 2.665e-04 5.427e-04 1.064e-03
 2.013e-03 3.678e-03 6.505e-03 1.114e-02 1.850e-02 2.979e-02 4.651e-02 7.036e-02
 1.030e-01 1.456e-01 1.988e-01 2.616e-01 3.321e-01 4.073e-01 4.839e-01 5.588e-01
 6.303e-01 6.975e-01 7.611e-01 8.225e-01 8.836e-01 9.465e-01 1.013e+00 1.083e+00
 1.158e+00 1.236e+00 1.314e+00 1.392e+00 1.467e+00 1.538e+00 1.604e+00 1.664e+00
 1.720e+00 1.773e+00 1.825e+00 1.878e+00 1.934e+00 1.994e+00 2.060e+00 2.131e+00
 2.209e+00 2.291e+00 2.377e+00 2.466e+00 2.557e+00 2.651e+00 2.747e+00 2.846e+00
 2.948e+00 3.051e+00 3.157e+00 3.264e+00 3.371e+00 3.480e+00 3.588e+00 3.696e+00
 3.803e+00 3.910e+00 4.015e+00 4.118e+00 4.219e+00 4.318e+00 4.417e+00 4.514e+00
 4.612e+00 4.711e+00 4.811e+00 4.914e+00 5.019e+00 5.124e+00 5.228e+00 5.330e+00
 5.427e+00 5.519e+00 5.607e+00 5.690e+00 5.769e+00 5.846e+00 5.921e+00 5.994e+00
 6.066e+00 6.138e+00 6.207e+00 6.275e+00 6.341e+00 6.405e+00 6.466e+00 6.525e+00
 6.581e+00 6.635e+00 6.686e+00 6.735e+00 6.782e+00 6.826e+00 6.868e+00 6.907e+00
 6.944e+00 6.979e+00 7.010e+00 7.039e+00 7.066e+00 7.090e+00 7.113e+00 7.134e+00
 7.155e+00 7.175e+00 7.195e+00 7.216e+00 7.237e+00 7.259e+00 7.283e+00 7.306e+00
 7.330e+00 7.354e+00 7.377e+00 7.400e+00 7.421e+00 7.439e+00 7.453e+00 7.460e+00
 7.459e+00 7.442e+00 7.403e+00 7.331e+00 7.232e+00 7.128e+00 7.063e+00 7.081e+00
 7.210e+00 7.424e+00 7.632e+00 7.748e+00 7.795e+00 7.814e+00 7.824e+00 7.832e+00
 7.838e+00 7.843e+00 7.846e+00 7.848e+00 7.845e+00 7.829e+00 7.786e+00 7.704e+00
 7.583e+00 7.440e+00 7.302e+00 7.190e+00 7.113e+00 7.071e+00 7.056e+00 7.057e+00
 7.064e+00 7.067e+00 7.065e+00 7.058e+00 7.049e+00 7.038e+00 7.027e+00 7.016e+00
 7.005e+00 6.996e+00 6.987e+00 6.977e+00 6.968e+00 6.959e+00 6.950e+00 6.940e+00
 6.931e+00 6.921e+00 6.910e+00 6.900e+00 6.890e+00 6.880e+00 6.869e+00 6.859e+00
 6.848e+00 6.838e+00 6.827e+00 6.817e+00 6.806e+00 6.796e+00 6.785e+00 6.775e+00
 6.764e+00 6.754e+00 6.743e+00 6.733e+00 6.722e+00 6.711e+00 6.701e+00 6.690e+00
<Z> for tau[ms]=    1.0
 3.718e-05 9.508e-05 2.315e-04 5.379e-04 1.195e-03 2.542e-03 5.188e-03 1.017e-02
 1.914e-02 3.461e-02 5.994e-02 9.911e-02 1.557e-01 2.315e-01 3.241e-01 4.273e-01
 5.318e-01 6.294e-01 7.149e-01 7.875e-01 8.492e-01 9.045e-01 9.586e-01 1.017e+00
 1.085e+00 1.164e+00 1.255e+00 1.354e+00 1.455e+00 1.551e+00 1.637e+00 1.711e+00
 1.773e+00 1.823e+00 1.865e+00 1.901e+00 1.935e+00 1.971e+00 2.013e+00 2.065e+00
 2.130e+00 2.211e+00 2.305e+00 2.409e+00 2.517e+00 2.626e+00 2.734e+00 2.841e+00
 2.950e+00 3.062e+00 3.176e+00 3.294e+00 3.413e+00 3.531e+00 3.650e+00 3.770e+00
 3.891e+00 4.014e+00 4.139e+00 4.264e+00 4.388e+00 4.510e+00 4.630e+00 4.750e+00
 4.869e+00 4.990e+00 5.116e+00 5.246e+00 5.383e+00 5.528e+00 5.678e+00 5.834e+00
 5.994e+00 6.154e+00 6.314e+00 6.468e+00 6.616e+00 6.754e+00 6.881e+00 6.996e+00
 7.099e+00 7.190e+00 7.270e+00 7.341e+00 7.403e+00 7.457e+00 7.505e+00 7.547e+00
 7.585e+00 7.619e+00 7.649e+00 7.676e+00 7.700e+00 7.721e+00 7.741e+00 7.759e+00
 7.775e+00 7.790e+00 7.805e+00 7.819e+00 7.833e+00 7.847e+00 7.862e+00 7.877e+00
 7.894e+00 7.913e+00 7.933e+00 7.956e+00 7.981e+00 8.009e+00 8.040e+00 8.075e+00
 8.113e+00 8.154e+00 8.199e+00 8.247e+00 8.297e+00 8.350e+00 8.405e+00 8.461e+00
 8.517e+00 8.573e+00 8.629e+00 8.683e+00 8.735e+00 8.786e+00 8.833e+00 8.878e+00
 8.918e+00 8.954e+00 8.983e+00 9.003e+00 9.015e+00 9.021e+00 9.031e+00 9.060e+00
 9.112e+00 9.177e+00 9.233e+00 9.270e+00 9.294e+00 9.312e+00 9.328e+00 9.342e+00
 9.355e+00 9.366e+00 9.377e+00 9.386e+00 9.394e+00 9.400e+00 9.400e+00 9.393e+00
 9.378e+00 9.356e+00 9.332e+00 9.310e+00 9.295e+00 9.287e+00 9.286e+00 9.290e+00
 9.294e+00 9.298e+00 9.299e+00 9.299e+00 9.298e+00 9.297e+00 9.295e+00 9.293e+00
 9.291e+00 9.289e+00 9.287e+00 9.285e+00 9.283e+00 9.281e+00 9.278e+00 9.275e+00
 9.272e+00 9.269e+00 9.265e+00 9.262e+00 9.258e+00 9.254e+00 9.251e+00 9.247e+00
 9.243e+00 9.240e+00 9.236e+00 9.232e+00 9.228e+00 9.224e+00 9.220e+00 9.216e+00
 9.212e+00 9.208e+00 9.204e+00 9.200e+00 9.196e+00 9.192e+00 9.188e+00 9.183e+00
<Z> for tau[ms]=   10.0
 2.112e-04 5.656e-04 1.437e-03 3.467e-03 7.960e-03 1.738e-02 3.600e-02 7.038e-02
 1.287e-01 2.175e-01 3.358e-01 4.710e-01 6.034e-01 7.169e-01 8.047e-01 8.691e-01
 9.164e-01 9.541e-01 9.903e-01 1.033e+00 1.091e+00 1.170e+00 1.273e+00 1.394e+00
 1.519e+00 1.635e+00 1.731e+00 1.806e+00 1.861e+00 1.901e+00 1.930e+00 1.952e+00
 1.970e+00 1.989e+00 2.012e+00 2.044e+00 2.092e+00 2.160e+00 2.251e+00 2.362e+00
 2.483e+00 2.604e+00 2.716e+00 2.818e+00 2.913e+00 3.007e+00 3.106e+00 3.212e+00
 3.325e+00 3.442e+00 3.559e+00 3.674e+00 3.787e+00 3.899e+00 4.015e+00 4.135e+00
 4.259e+00 4.387e+00 4.516e+00 4.644e+00 4.771e+00 4.900e+00 5.034e+00 5.177e+00
 5.334e+00 5.508e+00 5.701e+00 5.914e+00 6.142e+00 6.378e+00 6.611e+00 6.832e+00
 7.032e+00 7.205e+00 7.352e+00 7.474e+00 7.572e+00 7.651e+00 7.714e+00 7.764e+00
 7.803e+00 7.835e+00 7.860e+00 7.880e+00 7.896e+00 7.910e+00 7.920e+00 7.930e+00
 7.937e+00 7.944e+00 7.950e+00 7.955e+00 7.960e+00 7.965e+00 7.970e+00 7.976e+00
 7.984e+00 7.993e+00 8.004e+00 8.019e+00 8.037e+00 8.061e+00 8.090e+00 8.126e+00
 8.169e+00 8.221e+00 8.282e+00 8.352e+00 8.432e+00 8.521e+00 8.618e+00 8.720e+00
 8.825e+00 8.931e+00 9.033e+00 9.131e+00 9.222e+00 9.305e+00 9.380e+00 9.446e+00
 9.505e+00 9.556e+00 9.601e+00 9.640e+00 9.674e+00 9.704e+00 9.729e+00 9.752e+00
 9.771e+00 9.788e+00 9.802e+00 9.814e+00 9.823e+00 9.830e+00 9.837e+00 9.846e+00
 9.857e+00 9.868e+00 9.878e+00 9.886e+00 9.891e+00 9.895e+00 9.899e+00 9.903e+00
 9.906e+00 9.909e+00 9.911e+00 9.914e+00 9.916e+00 9.917e+00 9.918e+00 9.918e+00
 9.917e+00 9.916e+00 9.913e+00 9.911e+00 9.910e+00 9.910e+00 9.910e+00 9.911e+00
 9.912e+00 9.912e+00 9.913e+00 9.913e+00 9.913e+00 9.913e+00 9.913e+00 9.913e+00
 9.913e+00 9.913e+00 9.913e+00 9.913e+00 9.913e+00 9.913e+00 9.912e+00 9.912e+00
 9.912e+00 9.911e+00 9.911e+00 9.911e+00 9.910e+00 9.910e+00 9.910e+00 9.909e+00
 9.909e+00 9.908e+00 9.908e+00 9.907e+00 9.907e+00 9.907e+00 9.906e+00 9.906e+00
 9.905e+00 9.905e+00 9.904e+00 9.904e+00 9.903e+00 9.903e+00 9.902e+00 9.902e+00
<Z> for tau[ms]=  100.0
 3.972e-04 1.120e-03 2.996e-03 7.613e-03 1.835e-02 4.174e-02 8.866e-02 1.726e-01
 3.009e-01 4.612e-01 6.219e-01 7.537e-01 8.469e-01 9.073e-01 9.455e-01 9.711e-01
 9.923e-01 1.016e+00 1.052e+00 1.108e+00 1.193e+00 1.309e+00 1.445e+00 1.583e+00
 1.702e+00 1.795e+00 1.861e+00 1.906e+00 1.937e+00 1.958e+00 1.973e+00 1.985e+00
 1.998e+00 2.015e+00 2.041e+00 2.082e+00 2.145e+00 2.233e+00 2.345e+00 2.470e+00
 2.596e+00 2.711e+00 2.812e+00 2.902e+00 2.987e+00 3.076e+00 3.172e+00 3.278e+00
 3.391e+00 3.507e+00 3.622e+00 3.734e+00 3.844e+00 3.955e+00 4.070e+00 4.190e+00
 4.315e+00 4.444e+00 4.573e+00 4.701e+00 4.830e+00 4.963e+00 5.103e+00 5.258e+00
 5.431e+00 5.629e+00 5.854e+00 6.105e+00 6.374e+00 6.646e+00 6.903e+00 7.132e+00
 7.325e+00 7.480e+00 7.600e+00 7.693e+00 7.762e+00 7.815e+00 7.855e+00 7.885e+00
 7.908e+00 7.926e+00 7.940e+00 7.950e+00 7.959e+00 7.965e+00 7.970e+00 7.975e+00
 7.978e+00 7.981e+00 7.984e+00 7.987e+00 7.990e+00 7.993e+00 7.998e+00 8.004e+00
 8.013e+00 8.024e+00 8.040e+00 8.061e+00 8.088e+00 8.122e+00 8.165e+00 8.217e+00
 8.280e+00 8.356e+00 8.444e+00 8.545e+00 8.658e+00 8.780e+00 8.909e+00 9.038e+00
 9.163e+00 9.281e+00 9.387e+00 9.480e+00 9.560e+00 9.628e+00 9.686e+00 9.733e+00
 9.773e+00 9.806e+00 9.833e+00 9.855e+00 9.874e+00 9.890e+00 9.903e+00 9.914e+00
 9.924e+00 9.932e+00 9.938e+00 9.944e+00 9.949e+00 9.953e+00 9.957e+00 9.961e+00
 9.964e+00 9.967e+00 9.970e+00 9.972e+00 9.974e+00 9.976e+00 9.977e+00 9.979e+00
 9.980e+00 9.981e+00 9.982e+00 9.983e+00 9.984e+00 9.984e+00 9.985e+00 9.985e+00
 9.986e+00 9.986e+00 9.986e+00 9.986e+00 9.986e+00 9.987e+00 9.987e+00 9.987e+00
 9.988e+00 9.988e+00 9.988e+00 9.988e+00 9.988e+00 9.989e+00 9.989e+00 9.989e+00
 9.989e+00 9.989e+00 9.989e+00 9.989e+00 9.989e+00 9.989e+00 9.989e+00 9.989e+00
 9.990e+00 9.990e+00 9.990e+00 9.990e+00 9.990e+00 9.990e+00 9.990e+00 9.990e+00
 9.990e+00 9.990e+00 9.990e+00 9.990e+00 9.990e+00 9.990e+00 9.990e+00 9.990e+00
 9.990e+00 9.990e+00 9.990e+00 9.990e+00 9.990e+00 9.990e+00 9.990e+00 9.990e+00
<Z> for tau[ms]= 1000.0
 4.356e-04 1.241e-03 3.360e-03 8.647e-03 2.111e-02 4.855e-02 1.038e-01 2.019e-01
 3.473e-01 5.194e-01 6.799e-01 8.019e-01 8.825e-01 9.320e-01 9.623e-01 9.828e-01
 1.001e+00 1.024e+00 1.060e+00 1.120e+00 1.210e+00 1.332e+00 1.473e+00 1.611e+00
 1.728e+00 1.815e+00 1.877e+00 1.918e+00 1.945e+00 1.964e+00 1.977e+00 1.988e+00
 2.001e+00 2.018e+00 2.045e+00 2.088e+00 2.153e+00 2.243e+00 2.358e+00 2.484e+00
 2.610e+00 2.724e+00 2.823e+00 2.911e+00 2.996e+00 3.083e+00 3.179e+00 3.285e+00
 3.398e+00 3.514e+00 3.629e+00 3.741e+00 3.851e+00 3.961e+00 4.076e+00 4.196e+00
 4.321e+00 4.450e+00 4.579e+00 4.708e+00 4.837e+00 4.970e+00 5.111e+00 5.267e+00
 5.442e+00 5.644e+00 5.873e+00 6.130e+00 6.404e+00 6.681e+00 6.942e+00 7.171e+00
 7.361e+00 7.513e+00 7.629e+00 7.717e+00 7.784e+00 7.833e+00 7.870e+00 7.898e+00
 7.919e+00 7.935e+00 7.948e+00 7.957e+00 7.965e+00 7.971e+00 7.975e+00 7.979e+00
 7.982e+00 7.985e+00 7.987e+00 7.990e+00 7.993e+00 7.996e+00 8.001e+00 8.007e+00
 8.016e+00 8.028e+00 8.045e+00 8.067e+00 8.095e+00 8.131e+00 8.176e+00 8.231e+00
 8.297e+00 8.376e+00 8.469e+00 8.575e+00 8.693e+00 8.820e+00 8.953e+00 9.086e+00
 9.213e+00 9.330e+00 9.435e+00 9.527e+00 9.604e+00 9.670e+00 9.724e+00 9.768e+00
 9.805e+00 9.835e+00 9.859e+00 9.880e+00 9.896e+00 9.910e+00 9.922e+00 9.932e+00
 9.940e+00 9.947e+00 9.953e+00 9.958e+00 9.963e+00 9.966e+00 9.970e+00 9.973e+00
 9.975e+00 9.977e+00 9.979e+00 9.981e+00 9.983e+00 9.984e+00 9.985e+00 9.986e+00
 9.987e+00 9.988e+00 9.989e+00 9.990e+00 9.991e+00 9.991e+00 9.992e+00 9.992e+00
 9.993e+00 9.993e+00 9.994e+00 9.994e+00 9.994e+00 9.994e+00 9.995e+00 9.995e+00
 9.995e+00 9.995e+00 9.996e+00 9.996e+00 9.996e+00 9.996e+00 9.996e+00 9.997e+00
 9.997e+00 9.997e+00 9.997e+00 9.997e+00 9.997e+00 9.997e+00 9.997e+00 9.997e+00
 9.997e+00 9.998e+00 9.998e+00 9.998e+00 9.998e+00 9.998e+00 9.998e+00 9.998e+00
 9.998e+00 9.998e+00 9.998e+00 9.998e+00 9.998e+00 9.998e+00 9.998e+00 9.998e+00
 9.999e+00 9.999e+00 9.999e+00 9.999e+00 9.999e+00 9.999e+00 9.999e+00 9.999e+00
<Z> in equilibrium - infinite confinement
 4.403e-04 1.256e-03 3.406e-03 8.780e-03 2.146e-02 4.945e-02 1.059e-01 2.058e-01
 3.534e-01 5.268e-01 6.870e-01 8.076e-01 8.867e-01 9.349e-01 9.642e-01 9.841e-01
 1.002e+00 1.025e+00 1.061e+00 1.121e+00 1.212e+00 1.335e+00 1.476e+00 1.614e+00
 1.730e+00 1.818e+00 1.878e+00 1.919e+00 1.946e+00 1.964e+00 1.978e+00 1.989e+00
 2.001e+00 2.018e+00 2.045e+00 2.088e+00 2.153e+00 2.245e+00 2.359e+00 2.486e+00
 2.612e+00 2.725e+00 2.824e+00 2.912e+00 2.996e+00 3.084e+00 3.180e+00 3.286e+00
 3.399e+00 3.515e+00 3.630e+00 3.742e+00 3.851e+00 3.962e+00 4.076e+00 4.196e+00
 4.322e+00 4.450e+00 4.580e+00 4.708e+00 4.838e+00 4.971e+00 5.112e+00 5.268e+00
 5.444e+00 5.645e+00 5.876e+00 6.133e+00 6.408e+00 6.685e+00 6.946e+00 7.175e+00
 7.365e+00 7.516e+00 7.632e+00 7.720e+00 7.786e+00 7.835e+00 7.872e+00 7.900e+00
 7.921e+00 7.937e+00 7.949e+00 7.958e+00 7.966e+00 7.971e+00 7.976e+00 7.980e+00
 7.983e+00 7.985e+00 7.988e+00 7.990e+00 7.993e+00 7.997e+00 8.001e+00 8.008e+00
 8.017e+00 8.029e+00 8.045e+00 8.067e+00 8.096e+00 8.132e+00 8.177e+00 8.232e+00
 8.299e+00 8.379e+00 8.472e+00 8.578e+00 8.697e+00 8.825e+00 8.958e+00 9.091e+00
 9.219e+00 9.336e+00 9.441e+00 9.532e+00 9.609e+00 9.674e+00 9.728e+00 9.772e+00
 9.808e+00 9.838e+00 9.862e+00 9.882e+00 9.899e+00 9.913e+00 9.924e+00 9.934e+00
 9.942e+00 9.949e+00 9.955e+00 9.960e+00 9.964e+00 9.968e+00 9.971e+00 9.974e+00
 9.976e+00 9.979e+00 9.980e+00 9.982e+00 9.984e+00 9.985e+00 9.986e+00 9.987e+00
 9.988e+00 9.989e+00 9.990e+00 9.991e+00 9.991e+00 9.992e+00 9.993e+00 9.993e+00
 9.994e+00 9.994e+00 9.994e+00 9.995e+00 9.995e+00 9.995e+00 9.996e+00 9.996e+00
 9.996e+00 9.996e+00 9.997e+00 9.997e+00 9.997e+00 9.997e+00 9.997e+00 9.997e+00
 9.998e+00 9.998e+00 9.998e+00 9.998e+00 9.998e+00 9.998e+00 9.998e+00 9.998e+00
 9.998e+00 9.998e+00 9.999e+00 9.999e+00 9.999e+00 9.999e+00 9.999e+00 9.999e+00
 9.999e+00 9.999e+00 9.999e+00 9.999e+00 9.999e+00 9.999e+00 9.999e+00 9.999e+00
 9.999e+00 9.999e+00 9.999e+00 9.999e+00 9.999e+00 9.999e+00 9.999e+00 1.000e+01
