Mean charge during dwell time tau at ne=1E20m**-3 and Te[1-10000eV]
** <Z>
ne=1E20m**-3
     200           5 # of Te values, dwell times
Te[eV]
 1.000e+00 1.047e+00 1.097e+00 1.149e+00 1.203e+00 1.260e+00 1.320e+00 1.383e+00
 1.448e+00 1.517e+00 1.589e+00 1.664e+00 1.743e+00 1.825e+00 1.912e+00 2.002e+00
 2.097e+00 2.196e+00 2.300e+00 2.409e+00 2.524e+00 2.643e+00 2.768e+00 2.899e+00
 3.037e+00 3.181e+00 3.331e+00 3.489e+00 3.654e+00 3.827e+00 4.009e+00 4.199e+00
 4.398e+00 4.606e+00 4.824e+00 5.053e+00 5.292e+00 5.543e+00 5.805e+00 6.080e+00
 6.368e+00 6.670e+00 6.986e+00 7.317e+00 7.663e+00 8.026e+00 8.407e+00 8.805e+00
 9.222e+00 9.659e+00 1.012e+01 1.060e+01 1.110e+01 1.162e+01 1.217e+01 1.275e+01
 1.335e+01 1.399e+01 1.465e+01 1.534e+01 1.607e+01 1.683e+01 1.763e+01 1.846e+01
 1.934e+01 2.026e+01 2.121e+01 2.222e+01 2.327e+01 2.437e+01 2.553e+01 2.674e+01
 2.801e+01 2.933e+01 3.072e+01 3.218e+01 3.370e+01 3.530e+01 3.697e+01 3.872e+01
 4.055e+01 4.248e+01 4.449e+01 4.660e+01 4.880e+01 5.111e+01 5.354e+01 5.607e+01
 5.873e+01 6.151e+01 6.442e+01 6.748e+01 7.067e+01 7.402e+01 7.753e+01 8.120e+01
 8.504e+01 8.907e+01 9.329e+01 9.771e+01 1.023e+02 1.072e+02 1.123e+02 1.176e+02
 1.232e+02 1.290e+02 1.351e+02 1.415e+02 1.482e+02 1.552e+02 1.626e+02 1.703e+02
 1.783e+02 1.868e+02 1.956e+02 2.049e+02 2.146e+02 2.248e+02 2.354e+02 2.466e+02
 2.583e+02 2.705e+02 2.833e+02 2.967e+02 3.108e+02 3.255e+02 3.409e+02 3.571e+02
 3.740e+02 3.917e+02 4.103e+02 4.297e+02 4.501e+02 4.714e+02 4.937e+02 5.171e+02
 5.416e+02 5.672e+02 5.941e+02 6.223e+02 6.517e+02 6.826e+02 7.149e+02 7.488e+02
 7.843e+02 8.214e+02 8.603e+02 9.011e+02 9.438e+02 9.885e+02 1.035e+03 1.084e+03
 1.136e+03 1.190e+03 1.246e+03 1.305e+03 1.367e+03 1.431e+03 1.499e+03 1.570e+03
 1.645e+03 1.723e+03 1.804e+03 1.890e+03 1.979e+03 2.073e+03 2.171e+03 2.274e+03
 2.382e+03 2.495e+03 2.613e+03 2.736e+03 2.866e+03 3.002e+03 3.144e+03 3.293e+03
 3.449e+03 3.612e+03 3.783e+03 3.963e+03 4.150e+03 4.347e+03 4.553e+03 4.769e+03
 4.995e+03 5.231e+03 5.479e+03 5.738e+03 6.010e+03 6.295e+03 6.593e+03 6.906e+03
 7.233e+03 7.575e+03 7.934e+03 8.310e+03 8.704e+03 9.116e+03 9.548e+03 1.000e+04
Z for tau[ms]=    0.1
 3.426e-08 7.739e-08 1.741e-07 3.916e-07 8.808e-07 1.981e-06 4.456e-06 1.002e-05
 2.254e-05 4.784e-05 8.366e-05 1.463e-04 2.558e-04 4.472e-04 7.819e-04 1.364e-03
 2.023e-03 3.000e-03 4.447e-03 6.590e-03 9.759e-03 1.444e-02 2.132e-02 3.142e-02
 4.462e-02 5.717e-02 7.307e-02 9.308e-02 1.181e-01 1.491e-01 1.869e-01 2.325e-01
 2.862e-01 3.481e-01 4.173e-01 4.862e-01 5.375e-01 5.887e-01 6.388e-01 6.866e-01
 7.312e-01 7.721e-01 8.091e-01 8.348e-01 8.583e-01 8.806e-01 9.023e-01 9.241e-01
 9.469e-01 9.716e-01 9.977e-01 1.020e+00 1.046e+00 1.074e+00 1.107e+00 1.144e+00
 1.185e+00 1.232e+00 1.284e+00 1.333e+00 1.376e+00 1.421e+00 1.467e+00 1.513e+00
 1.560e+00 1.602e+00 1.634e+00 1.665e+00 1.694e+00 1.722e+00 1.748e+00 1.771e+00
 1.793e+00 1.813e+00 1.828e+00 1.840e+00 1.851e+00 1.860e+00 1.870e+00 1.878e+00
 1.887e+00 1.894e+00 1.901e+00 1.908e+00 1.914e+00 1.919e+00 1.922e+00 1.926e+00
 1.929e+00 1.932e+00 1.936e+00 1.938e+00 1.941e+00 1.943e+00 1.945e+00 1.947e+00
 1.949e+00 1.950e+00 1.952e+00 1.954e+00 1.955e+00 1.956e+00 1.957e+00 1.958e+00
 1.959e+00 1.960e+00 1.961e+00 1.962e+00 1.962e+00 1.963e+00 1.964e+00 1.964e+00
 1.965e+00 1.965e+00 1.966e+00 1.966e+00 1.967e+00 1.967e+00 1.967e+00 1.967e+00
 1.968e+00 1.968e+00 1.968e+00 1.969e+00 1.969e+00 1.969e+00 1.969e+00 1.969e+00
 1.969e+00 1.969e+00 1.969e+00 1.969e+00 1.969e+00 1.970e+00 1.970e+00 1.970e+00
 1.970e+00 1.970e+00 1.970e+00 1.970e+00 1.969e+00 1.969e+00 1.969e+00 1.969e+00
 1.969e+00 1.969e+00 1.969e+00 1.969e+00 1.969e+00 1.968e+00 1.968e+00 1.968e+00
 1.968e+00 1.968e+00 1.968e+00 1.967e+00 1.967e+00 1.967e+00 1.967e+00 1.967e+00
 1.967e+00 1.966e+00 1.966e+00 1.966e+00 1.966e+00 1.966e+00 1.965e+00 1.965e+00
 1.965e+00 1.965e+00 1.964e+00 1.964e+00 1.964e+00 1.964e+00 1.964e+00 1.963e+00
 1.963e+00 1.963e+00 1.963e+00 1.962e+00 1.962e+00 1.962e+00 1.962e+00 1.961e+00
 1.961e+00 1.961e+00 1.960e+00 1.960e+00 1.960e+00 1.960e+00 1.959e+00 1.959e+00
 1.959e+00 1.958e+00 1.958e+00 1.958e+00 1.958e+00 1.957e+00 1.957e+00 1.957e+00
Z for tau[ms]=    1.0
 3.294e-07 7.465e-07 1.684e-06 3.799e-06 8.568e-06 1.932e-05 4.354e-05 9.811e-05
 2.211e-04 4.699e-04 8.227e-04 1.440e-03 2.519e-03 4.403e-03 7.691e-03 1.338e-02
 1.978e-02 2.919e-02 4.293e-02 6.285e-02 9.141e-02 1.317e-01 1.870e-01 2.606e-01
 3.444e-01 4.132e-01 4.872e-01 5.636e-01 6.384e-01 7.077e-01 7.684e-01 8.190e-01
 8.598e-01 8.920e-01 9.176e-01 9.371e-01 9.496e-01 9.614e-01 9.734e-01 9.866e-01
 1.002e+00 1.023e+00 1.050e+00 1.076e+00 1.108e+00 1.149e+00 1.199e+00 1.260e+00
 1.332e+00 1.414e+00 1.495e+00 1.558e+00 1.619e+00 1.677e+00 1.730e+00 1.776e+00
 1.816e+00 1.849e+00 1.877e+00 1.897e+00 1.911e+00 1.923e+00 1.933e+00 1.942e+00
 1.950e+00 1.956e+00 1.961e+00 1.965e+00 1.968e+00 1.971e+00 1.974e+00 1.977e+00
 1.979e+00 1.981e+00 1.983e+00 1.984e+00 1.985e+00 1.986e+00 1.987e+00 1.988e+00
 1.989e+00 1.989e+00 1.990e+00 1.991e+00 1.991e+00 1.992e+00 1.992e+00 1.993e+00
 1.993e+00 1.993e+00 1.994e+00 1.994e+00 1.994e+00 1.994e+00 1.994e+00 1.995e+00
 1.995e+00 1.995e+00 1.995e+00 1.995e+00 1.995e+00 1.996e+00 1.996e+00 1.996e+00
 1.996e+00 1.996e+00 1.996e+00 1.996e+00 1.996e+00 1.996e+00 1.996e+00 1.996e+00
 1.996e+00 1.997e+00 1.997e+00 1.997e+00 1.997e+00 1.997e+00 1.997e+00 1.997e+00
 1.997e+00 1.997e+00 1.997e+00 1.997e+00 1.997e+00 1.997e+00 1.997e+00 1.997e+00
 1.997e+00 1.997e+00 1.997e+00 1.997e+00 1.997e+00 1.997e+00 1.997e+00 1.997e+00
 1.997e+00 1.997e+00 1.997e+00 1.997e+00 1.997e+00 1.997e+00 1.997e+00 1.997e+00
 1.997e+00 1.997e+00 1.997e+00 1.997e+00 1.997e+00 1.997e+00 1.997e+00 1.997e+00
 1.997e+00 1.997e+00 1.997e+00 1.997e+00 1.997e+00 1.997e+00 1.997e+00 1.997e+00
 1.997e+00 1.997e+00 1.997e+00 1.997e+00 1.997e+00 1.997e+00 1.997e+00 1.997e+00
 1.996e+00 1.996e+00 1.996e+00 1.996e+00 1.996e+00 1.996e+00 1.996e+00 1.996e+00
 1.996e+00 1.996e+00 1.996e+00 1.996e+00 1.996e+00 1.996e+00 1.996e+00 1.996e+00
 1.996e+00 1.996e+00 1.996e+00 1.996e+00 1.996e+00 1.996e+00 1.996e+00 1.996e+00
 1.996e+00 1.996e+00 1.996e+00 1.996e+00 1.996e+00 1.996e+00 1.996e+00 1.996e+00
Z for tau[ms]=   10.0
 2.289e-06 5.326e-06 1.232e-05 2.844e-05 6.553e-05 1.507e-04 3.462e-04 7.937e-04
 1.816e-03 3.913e-03 6.919e-03 1.220e-02 2.144e-02 3.746e-02 6.483e-02 1.102e-01
 1.585e-01 2.237e-01 3.081e-01 4.104e-01 5.244e-01 6.383e-01 7.391e-01 8.184e-01
 8.716e-01 9.004e-01 9.230e-01 9.406e-01 9.544e-01 9.652e-01 9.739e-01 9.813e-01
 9.883e-01 9.962e-01 1.007e+00 1.023e+00 1.040e+00 1.064e+00 1.100e+00 1.150e+00
 1.218e+00 1.308e+00 1.417e+00 1.505e+00 1.591e+00 1.673e+00 1.745e+00 1.804e+00
 1.852e+00 1.889e+00 1.915e+00 1.931e+00 1.944e+00 1.955e+00 1.964e+00 1.971e+00
 1.976e+00 1.981e+00 1.984e+00 1.987e+00 1.989e+00 1.991e+00 1.992e+00 1.993e+00
 1.994e+00 1.995e+00 1.995e+00 1.996e+00 1.996e+00 1.997e+00 1.997e+00 1.997e+00
 1.998e+00 1.998e+00 1.998e+00 1.998e+00 1.998e+00 1.998e+00 1.998e+00 1.999e+00
 1.999e+00 1.999e+00 1.999e+00 1.999e+00 1.999e+00 1.999e+00 1.999e+00 1.999e+00
 1.999e+00 1.999e+00 1.999e+00 1.999e+00 1.999e+00 1.999e+00 1.999e+00 1.999e+00
 1.999e+00 1.999e+00 1.999e+00 1.999e+00 1.999e+00 1.999e+00 1.999e+00 1.999e+00
 1.999e+00 1.999e+00 2.000e+00 2.000e+00 2.000e+00 2.000e+00 2.000e+00 2.000e+00
 2.000e+00 2.000e+00 2.000e+00 2.000e+00 2.000e+00 2.000e+00 2.000e+00 2.000e+00
 2.000e+00 2.000e+00 2.000e+00 2.000e+00 2.000e+00 2.000e+00 2.000e+00 2.000e+00
 2.000e+00 2.000e+00 2.000e+00 2.000e+00 2.000e+00 2.000e+00 2.000e+00 2.000e+00
 2.000e+00 2.000e+00 2.000e+00 2.000e+00 2.000e+00 2.000e+00 2.000e+00 2.000e+00
 2.000e+00 2.000e+00 2.000e+00 2.000e+00 2.000e+00 2.000e+00 2.000e+00 2.000e+00
 2.000e+00 2.000e+00 2.000e+00 2.000e+00 2.000e+00 2.000e+00 2.000e+00 2.000e+00
 2.000e+00 2.000e+00 2.000e+00 2.000e+00 2.000e+00 2.000e+00 2.000e+00 2.000e+00
 2.000e+00 2.000e+00 2.000e+00 2.000e+00 2.000e+00 2.000e+00 2.000e+00 2.000e+00
 2.000e+00 2.000e+00 2.000e+00 2.000e+00 2.000e+00 2.000e+00 2.000e+00 2.000e+00
 2.000e+00 2.000e+00 2.000e+00 2.000e+00 1.999e+00 1.999e+00 1.999e+00 1.999e+00
 1.999e+00 1.999e+00 1.999e+00 1.999e+00 1.999e+00 1.999e+00 1.999e+00 1.999e+00
Z for tau[ms]=  100.0
 4.632e-06 1.131e-05 2.749e-05 6.673e-05 1.619e-04 3.923e-04 9.494e-04 2.293e-03
 5.522e-03 1.246e-02 2.285e-02 4.152e-02 7.427e-02 1.294e-01 2.161e-01 3.383e-01
 4.442e-01 5.556e-01 6.616e-01 7.534e-01 8.266e-01 8.813e-01 9.203e-01 9.472e-01
 9.641e-01 9.730e-01 9.797e-01 9.849e-01 9.891e-01 9.926e-01 9.960e-01 1.000e+00
 1.007e+00 1.018e+00 1.038e+00 1.072e+00 1.110e+00 1.165e+00 1.240e+00 1.335e+00
 1.445e+00 1.560e+00 1.670e+00 1.741e+00 1.801e+00 1.850e+00 1.888e+00 1.918e+00
 1.940e+00 1.956e+00 1.968e+00 1.974e+00 1.980e+00 1.984e+00 1.987e+00 1.990e+00
 1.992e+00 1.994e+00 1.995e+00 1.996e+00 1.997e+00 1.997e+00 1.998e+00 1.998e+00
 1.998e+00 1.999e+00 1.999e+00 1.999e+00 1.999e+00 1.999e+00 1.999e+00 1.999e+00
 1.999e+00 1.999e+00 1.999e+00 1.999e+00 2.000e+00 2.000e+00 2.000e+00 2.000e+00
 2.000e+00 2.000e+00 2.000e+00 2.000e+00 2.000e+00 2.000e+00 2.000e+00 2.000e+00
 2.000e+00 2.000e+00 2.000e+00 2.000e+00 2.000e+00 2.000e+00 2.000e+00 2.000e+00
 2.000e+00 2.000e+00 2.000e+00 2.000e+00 2.000e+00 2.000e+00 2.000e+00 2.000e+00
 2.000e+00 2.000e+00 2.000e+00 2.000e+00 2.000e+00 2.000e+00 2.000e+00 2.000e+00
 2.000e+00 2.000e+00 2.000e+00 2.000e+00 2.000e+00 2.000e+00 2.000e+00 2.000e+00
 2.000e+00 2.000e+00 2.000e+00 2.000e+00 2.000e+00 2.000e+00 2.000e+00 2.000e+00
 2.000e+00 2.000e+00 2.000e+00 2.000e+00 2.000e+00 2.000e+00 2.000e+00 2.000e+00
 2.000e+00 2.000e+00 2.000e+00 2.000e+00 2.000e+00 2.000e+00 2.000e+00 2.000e+00
 2.000e+00 2.000e+00 2.000e+00 2.000e+00 2.000e+00 2.000e+00 2.000e+00 2.000e+00
 2.000e+00 2.000e+00 2.000e+00 2.000e+00 2.000e+00 2.000e+00 2.000e+00 2.000e+00
 2.000e+00 2.000e+00 2.000e+00 2.000e+00 2.000e+00 2.000e+00 2.000e+00 2.000e+00
 2.000e+00 2.000e+00 2.000e+00 2.000e+00 2.000e+00 2.000e+00 2.000e+00 2.000e+00
 2.000e+00 2.000e+00 2.000e+00 2.000e+00 2.000e+00 2.000e+00 2.000e+00 2.000e+00
 2.000e+00 2.000e+00 2.000e+00 2.000e+00 2.000e+00 2.000e+00 2.000e+00 2.000e+00
 2.000e+00 2.000e+00 2.000e+00 2.000e+00 2.000e+00 2.000e+00 2.000e+00 2.000e+00
Z for tau[ms]= 1000.0
 4.959e-06 1.219e-05 2.982e-05 7.297e-05 1.785e-04 4.366e-04 1.067e-03 2.607e-03
 6.351e-03 1.450e-02 2.686e-02 4.922e-02 8.852e-02 1.541e-01 2.546e-01 3.899e-01
 5.017e-01 6.132e-01 7.140e-01 7.972e-01 8.609e-01 9.069e-01 9.388e-01 9.602e-01
 9.734e-01 9.803e-01 9.854e-01 9.894e-01 9.926e-01 9.954e-01 9.983e-01 1.002e+00
 1.009e+00 1.020e+00 1.042e+00 1.079e+00 1.122e+00 1.182e+00 1.262e+00 1.362e+00
 1.476e+00 1.592e+00 1.698e+00 1.767e+00 1.823e+00 1.868e+00 1.902e+00 1.929e+00
 1.948e+00 1.963e+00 1.973e+00 1.979e+00 1.983e+00 1.987e+00 1.990e+00 1.992e+00
 1.994e+00 1.995e+00 1.996e+00 1.997e+00 1.997e+00 1.998e+00 1.998e+00 1.998e+00
 1.999e+00 1.999e+00 1.999e+00 1.999e+00 1.999e+00 1.999e+00 1.999e+00 1.999e+00
 1.999e+00 1.999e+00 2.000e+00 2.000e+00 2.000e+00 2.000e+00 2.000e+00 2.000e+00
 2.000e+00 2.000e+00 2.000e+00 2.000e+00 2.000e+00 2.000e+00 2.000e+00 2.000e+00
 2.000e+00 2.000e+00 2.000e+00 2.000e+00 2.000e+00 2.000e+00 2.000e+00 2.000e+00
 2.000e+00 2.000e+00 2.000e+00 2.000e+00 2.000e+00 2.000e+00 2.000e+00 2.000e+00
 2.000e+00 2.000e+00 2.000e+00 2.000e+00 2.000e+00 2.000e+00 2.000e+00 2.000e+00
 2.000e+00 2.000e+00 2.000e+00 2.000e+00 2.000e+00 2.000e+00 2.000e+00 2.000e+00
 2.000e+00 2.000e+00 2.000e+00 2.000e+00 2.000e+00 2.000e+00 2.000e+00 2.000e+00
 2.000e+00 2.000e+00 2.000e+00 2.000e+00 2.000e+00 2.000e+00 2.000e+00 2.000e+00
 2.000e+00 2.000e+00 2.000e+00 2.000e+00 2.000e+00 2.000e+00 2.000e+00 2.000e+00
 2.000e+00 2.000e+00 2.000e+00 2.000e+00 2.000e+00 2.000e+00 2.000e+00 2.000e+00
 2.000e+00 2.000e+00 2.000e+00 2.000e+00 2.000e+00 2.000e+00 2.000e+00 2.000e+00
 2.000e+00 2.000e+00 2.000e+00 2.000e+00 2.000e+00 2.000e+00 2.000e+00 2.000e+00
 2.000e+00 2.000e+00 2.000e+00 2.000e+00 2.000e+00 2.000e+00 2.000e+00 2.000e+00
 2.000e+00 2.000e+00 2.000e+00 2.000e+00 2.000e+00 2.000e+00 2.000e+00 2.000e+00
 2.000e+00 2.000e+00 2.000e+00 2.000e+00 2.000e+00 2.000e+00 2.000e+00 2.000e+00
 2.000e+00 2.000e+00 2.000e+00 2.000e+00 2.000e+00 2.000e+00 2.000e+00 2.000e+00
