#sample_index rmajor     n_te       n_beta     n_dene     n_rnbeam   n_hfact    n_tfcth    n_fwalld   n_q        n_fradpwr  n_fstrcase n_fstrcond n_fiooic   n_fpsepr   n_flhthresh n_fimp(13) error_status error_id ifail
           0   2.513017   0.029817   0.068332   0.137420   0.003733   0.488930   0.072193   0.109810   0.071940   0.589660   0.999950   0.827320   0.839400   0.945570   0.000001   0.010614             2      277     5
           1   2.525551   0.029824   0.068399   0.137570   0.003727   0.488770   0.072165   0.110070   0.071820   0.590170   1.000000   0.827350   0.840220   0.945360   0.000001   0.010607             2      277     5
           2   2.525926   0.029824   0.068401   0.137580   0.003726   0.488770   0.072164   0.110070   0.071817   0.590180   1.000000   0.827350   0.840240   0.945360   0.000001   0.010607             2      277     5
           3   2.527202   0.029825   0.068408   0.137590   0.003726   0.488750   0.072162   0.110100   0.071805   0.590230   1.000000   0.827350   0.840310   0.945330   0.000001   0.010606             2      277     5
           4   2.541798   0.029833   0.068483   0.137760   0.003718   0.488570   0.072135   0.110380   0.071672   0.590760   1.000000   0.827350   0.841090   0.945180   0.000001   0.010596             2      277     5
           5   2.545679   0.029835   0.068502   0.137810   0.003716   0.488520   0.072128   0.110460   0.071638   0.590890   1.000000   0.827350   0.841300   0.945140   0.000001   0.010593             2      277     5
           6   2.565287   0.029845   0.068611   0.138050   0.003705   0.488190   0.072090   0.110870   0.071443   0.590680   1.000000   0.827340   0.842380   0.947470   0.000001   0.010517             2      277     5
           7   2.567144   0.029846   0.068621   0.138080   0.003704   0.488150   0.072087   0.110910   0.071424   0.590610   1.000000   0.827340   0.842480   0.947830   0.000001   0.010506             2      277     5
           8   2.579645   0.029853   0.068702   0.138260   0.003696   0.487810   0.072062   0.111220   0.071278   0.589290   1.000000   0.827330   0.843200   0.952620   0.000001   0.010376             2      277     5
           9   2.582095   0.029854   0.068719   0.138300   0.003694   0.487720   0.072057   0.111280   0.071246   0.588840   1.000000   0.827330   0.843340   0.954080   0.000001   0.010338             2      277     5
          10   2.596531   0.029868   0.068982   0.138870   0.003668   0.485710   0.072027   0.112300   0.070749   0.573410   1.000000   0.827320   0.844190   0.999120   0.000001   0.009217             2      277     5
          11   2.606946   0.029872   0.069032   0.138980   0.003662   0.485550   0.072005   0.112480   0.070661   0.573370   1.000000   0.827320   0.844830   1.000000   0.000001   0.009185             2      277     5
          12   2.612776   0.029874   0.069058   0.139050   0.003660   0.485480   0.071992   0.112580   0.070615   0.573480   1.000000   0.827310   0.845200   1.000000   0.000001   0.009176             2      277     5
          13   2.627160   0.029880   0.069129   0.139210   0.003653   0.485270   0.071959   0.112870   0.070495   0.573390   1.000000   0.827300   0.846130   1.000000   0.000001   0.009129             2      277     5
          14   2.634580   0.029882   0.069158   0.139280   0.003650   0.485190   0.071942   0.112970   0.070442   0.573640   1.000000   0.827290   0.846620   1.000000   0.000001   0.009127             2      277     5
          15   2.662299   0.029889   0.069271   0.139550   0.003639   0.484870   0.071873   0.113400   0.070242   0.574340   1.000000   0.827270   0.848570   1.000000   0.000001   0.009101             2      277     5
          16   2.669225   0.029891   0.069299   0.139620   0.003636   0.484790   0.071855   0.113500   0.070193   0.574500   1.000000   0.827260   0.849090   1.000000   0.000001   0.009095             2      277     5
          17   2.670477   0.029891   0.069304   0.139630   0.003635   0.484780   0.071852   0.113520   0.070184   0.574540   1.000000   0.827260   0.849190   1.000000   0.000001   0.009094             2      277     5
          18   2.684440   0.029894   0.069360   0.139770   0.003630   0.484620   0.071813   0.113720   0.070086   0.574870   1.000000   0.827250   0.850280   1.000000   0.000001   0.009080             2      277     5
          19   2.701743   0.029898   0.069426   0.139930   0.003623   0.484440   0.071771   0.113970   0.069968   0.575270   1.000000   0.827230   0.851450   1.000000   0.000001   0.009064             2      277     5
          20   2.704649   0.029898   0.069438   0.139960   0.003622   0.484400   0.071762   0.114010   0.069948   0.575340   1.000000   0.827230   0.851690   1.000000   0.000001   0.009061             2      277     5
          21   2.714636   0.029899   0.069477   0.140060   0.003618   0.484290   0.071731   0.114160   0.069878   0.575570   1.000000   0.827210   0.852570   1.000000   0.000001   0.009051             2      277     5
          22   2.720306   0.029918   0.069531   0.140130   0.003612   0.484100   0.071798   0.114390   0.069784   0.575970   1.000000   0.827280   0.851060   1.000000   0.000001   0.009067             2      277     5
          23   2.726012   0.029919   0.069555   0.140190   0.003610   0.484030   0.071784   0.114480   0.069742   0.576110   1.000000   0.827270   0.851500   1.000000   0.000001   0.009062             2      277     5
          24   2.747177   0.029924   0.069645   0.140410   0.003601   0.483760   0.071725   0.114820   0.069582   0.576650   1.000000   0.827250   0.853210   1.000000   0.000001   0.009045             2      277     5
          25   2.759745   0.029926   0.069700   0.140540   0.003596   0.483600   0.071688   0.115020   0.069484   0.576980   1.000000   0.827230   0.854310   1.000000   0.000001   0.009035             2      277     5
          26   2.766827   0.029927   0.069732   0.140620   0.003593   0.483500   0.071666   0.115140   0.069428   0.577180   1.000000   0.827220   0.854960   1.000000   0.000001   0.009029             2      277     5
          27   2.769389   0.029928   0.069744   0.140650   0.003591   0.483460   0.071658   0.115180   0.069407   0.577250   1.000000   0.827220   0.855210   1.000000   0.000001   0.009027             2      277     5
          28   2.793023   0.029931   0.069858   0.140930   0.003580   0.483100   0.071577   0.115600   0.069205   0.577930   1.000000   0.827180   0.857640   1.000000   0.000001   0.009008             2      277     5
          29   2.799655   0.029932   0.069893   0.141020   0.003577   0.482990   0.071552   0.115730   0.069143   0.578140   1.000000   0.827160   0.858400   1.000000   0.000001   0.009003             2      277     5
          30   2.813259   0.029934   0.069968   0.141200   0.003570   0.482750   0.071496   0.116000   0.069010   0.578590   1.000000   0.827130   0.860090   1.000000   0.000001   0.008993             2      277     5
          31   2.823541   0.029936   0.070030   0.141350   0.003564   0.482550   0.071451   0.116230   0.068901   0.578960   1.000000   0.827110   0.861510   1.000000   0.000001   0.008986             2      277     5
          32   2.830335   0.029936   0.070073   0.141460   0.003560   0.482400   0.071418   0.116380   0.068823   0.579230   1.000000   0.827090   0.862530   1.000000   0.000001   0.008981             2      277     5
          33   2.841614   0.029938   0.070153   0.141660   0.003552   0.482140   0.071360   0.116670   0.068682   0.579710   1.000000   0.827050   0.864410   1.000000   0.000001   0.008975             2      277     5
          34   2.849826   0.029939   0.070217   0.141820   0.003546   0.481920   0.071313   0.116910   0.068568   0.580110   1.000000   0.827020   0.865950   1.000000   0.000001   0.008971             2      277     5
          35   2.850872   0.029939   0.070226   0.141840   0.003545   0.481890   0.071307   0.116940   0.068552   0.580170   1.000000   0.827020   0.866150   1.000000   0.000001   0.008970             2      277     5
          36   2.856624   0.029940   0.070276   0.141960   0.003541   0.481710   0.071271   0.117120   0.068463   0.580480   1.000000   0.827000   0.867360   1.000000   0.000001   0.008968             2      277     5
          37   2.866342   0.029942   0.070371   0.142190   0.003532   0.481380   0.071206   0.117470   0.068294   0.581090   1.000000   0.826950   0.869660   1.000000   0.000001   0.008966             2      277     5
          38   2.879211   0.029949   0.070313   0.142080   0.003538   0.483110   0.071174   0.117210   0.068412   0.598170   0.999520   0.826470   0.870530   0.953920   0.000001   0.010086             2      277     5
          39   2.886890   0.029952   0.070427   0.142360   0.003527   0.482700   0.071106   0.117620   0.068207   0.598850   0.999520   0.826420   0.873260   0.954350   0.000001   0.010085             2      277     5
          40   2.886893   0.029952   0.070427   0.142360   0.003527   0.482700   0.071106   0.117620   0.068207   0.598850   0.999520   0.826420   0.873260   0.954350   0.000001   0.010085             2      277     5
          41   2.887523   0.029953   0.070437   0.142380   0.003527   0.482660   0.071100   0.117660   0.068188   0.598920   0.999520   0.826420   0.873510   0.954390   0.000001   0.010085             2      277     5
          42   2.906275   0.029979   0.070901   0.143460   0.003484   0.480900   0.070907   0.119380   0.067353   0.601630   0.999520   0.826260   0.884420   0.957350   0.000001   0.010102             2      277     5
          43   2.914906   0.030033   0.071643   0.145110   0.003417   0.476750   0.070776   0.122230   0.066020   0.591100   1.000000   0.826590   0.900630   1.000000   0.000001   0.009202             2      277     5
          44   2.916753   0.029842   0.070260   0.142290   0.003543   0.484100   0.070485   0.116790   0.068526   0.601720   0.999940   0.826460   0.875010   0.936770   0.000001   0.010186             2      277     5
          45   2.920368   0.030098   0.072017   0.145890   0.003383   0.475590   0.070854   0.123800   0.065401   0.592150   0.999820   0.826370   0.920010   1.000000   0.000001   0.009163             2      277     1
          46   2.927546   0.030212   0.071999   0.145470   0.003382   0.475540   0.071586   0.124000   0.065432   0.592880   0.994410   0.821580   0.893290   1.000000   0.000001   0.009335             2      277     1
          47   2.928122   0.030221   0.071998   0.145430   0.003382   0.475540   0.071645   0.124020   0.065435   0.592940   0.993970   0.821200   0.891200   1.000000   0.000001   0.009349             2      277     1
          48   2.935322   0.030336   0.071980   0.145010   0.003381   0.475480   0.072380   0.124220   0.065466   0.593680   0.988630   0.816470   0.865780   1.000000   0.000001   0.009523             2      277     1
          49   2.935995   0.030347   0.071978   0.144980   0.003381   0.475480   0.072448   0.124240   0.065469   0.593750   0.988130   0.816030   0.863470   1.000000   0.000001   0.009539             2      277     1
          50   2.936747   0.030359   0.071977   0.144930   0.003381   0.475470   0.072525   0.124260   0.065472   0.593820   0.987580   0.815540   0.860900   1.000000   0.000001   0.009557             2      277     1
          51   2.941355   0.030432   0.071965   0.144660   0.003380   0.475440   0.072995   0.124380   0.065492   0.594290   0.984210   0.812560   0.845410   1.000000   0.000001   0.009669             2      277     1
          52   2.967787   0.030854   0.071901   0.143150   0.003376   0.475240   0.075693   0.125110   0.065607   0.596990   0.965440   0.796010   0.764930   1.000000   0.000001   0.010314             2      277     1
          53   2.983070   0.031097   0.071863   0.142290   0.003373   0.475120   0.077252   0.125520   0.065673   0.598540   0.955030   0.786840   0.724070   1.000000   0.000001   0.010692             2      277     1
          54   2.994237   0.031275   0.071836   0.141660   0.003371   0.475040   0.078392   0.125820   0.065722   0.599670   0.947610   0.780310   0.696460   1.000000   0.000001   0.010970             2      277     1
          55   2.997074   0.031321   0.071829   0.141500   0.003371   0.475010   0.078681   0.125890   0.065734   0.599960   0.945750   0.778670   0.689730   1.000000   0.000001   0.011041             2      277     1
          56   3.000008   0.031368   0.071822   0.141340   0.003370   0.474990   0.078980   0.125970   0.065747   0.600250   0.943830   0.776990   0.682870   1.000000   0.000001   0.011115             2      277     1
          57   3.004000   0.031431   0.071812   0.141120   0.003370   0.474960   0.079388   0.126080   0.065764   0.600660   0.941240   0.774720   0.673730   1.000000   0.000001   0.011215             2      277     1
          58   3.005237   0.031451   0.071809   0.141050   0.003369   0.474950   0.079514   0.126110   0.065769   0.600780   0.940450   0.774020   0.670940   1.000000   0.000001   0.011246             2      277     1
          59   3.005246   0.031451   0.071809   0.141050   0.003369   0.474950   0.079515   0.126110   0.065769   0.600780   0.940440   0.774010   0.670920   1.000000   0.000001   0.011247             2      277     1
          60   3.013578   0.031584   0.071789   0.140590   0.003368   0.474880   0.080365   0.126330   0.065806   0.601620   0.935110   0.769330   0.652620   1.000000   0.000001   0.011457             2      277     1
          61   3.024067   0.031752   0.071764   0.140020   0.003366   0.474800   0.081435   0.126600   0.065851   0.602680   0.928520   0.763550   0.630730   1.000000   0.000001   0.011723             2      277     1
          62   3.029142   0.031833   0.071751   0.139740   0.003366   0.474760   0.081953   0.126740   0.065873   0.603190   0.925380   0.760800   0.620570   1.000000   0.000001   0.011852             2      277     1
          63   3.035604   0.031936   0.071736   0.139390   0.003364   0.474700   0.082613   0.126900   0.065901   0.603840   0.921420   0.757320   0.608030   1.000000   0.000001   0.012017             2      277     1
          64   3.044208   0.032073   0.071715   0.138920   0.003363   0.474630   0.083491   0.127120   0.065938   0.604700   0.916220   0.752770   0.591970   1.000000   0.000001   0.012238             2      277     1
          65   3.049662   0.032161   0.071702   0.138630   0.003362   0.474590   0.084047   0.127260   0.065962   0.605240   0.912960   0.749920   0.582150   1.000000   0.000001   0.012379             2      277     1
          66   3.050978   0.032182   0.071698   0.138560   0.003362   0.474580   0.084181   0.127300   0.065967   0.605370   0.912180   0.749230   0.579830   1.000000   0.000001   0.012413             2      277     1
          67   3.067144   0.032440   0.071659   0.137700   0.003359   0.474440   0.085831   0.127710   0.066037   0.606980   0.902730   0.740970   0.552440   1.000000   0.000001   0.012831             2      277     1
          68   3.080004   0.032646   0.071628   0.137020   0.003357   0.474340   0.087143   0.128030   0.066093   0.608260   0.895400   0.734560   0.532160   1.000000   0.000001   0.013166             2      277     1
          69   3.082685   0.032688   0.071622   0.136870   0.003357   0.474310   0.087417   0.128100   0.066104   0.608530   0.893890   0.733250   0.528080   1.000000   0.000001   0.013237             2      277     1
          70   3.096745   0.032913   0.071588   0.136140   0.003355   0.474190   0.088852   0.128450   0.066165   0.609910   0.886100   0.726450   0.507540   1.000000   0.000001   0.013606             2      277     1
          71   3.101817   0.032994   0.071576   0.135870   0.003354   0.474150   0.089369   0.128570   0.066187   0.610410   0.883340   0.724040   0.500450   1.000000   0.000001   0.013740             2      277     1
          72   3.119271   0.033274   0.071533   0.134970   0.003351   0.474000   0.091150   0.129000   0.066262   0.612130   0.874000   0.715900   0.477270   1.000000   0.000001   0.014203             2      277     1
          73   3.121134   0.033304   0.071529   0.134880   0.003351   0.473980   0.091340   0.129040   0.066270   0.612310   0.873020   0.715040   0.474910   1.000000   0.000001   0.014253             2      277     1
          74   3.140407   0.033612   0.071483   0.133900   0.003348   0.473820   0.093307   0.129500   0.066354   0.614190   0.863050   0.706370   0.451500   1.000000   0.000001   0.014771             2      277     1
          75   3.143842   0.033667   0.071474   0.133720   0.003347   0.473790   0.093657   0.129580   0.066369   0.614520   0.861310   0.704850   0.447520   1.000000   0.000001   0.014863             2      277     1
          76   3.157512   0.033886   0.071441   0.133030   0.003345   0.473670   0.095052   0.129910   0.066428   0.615840   0.854460   0.698900   0.432270   1.000000   0.000001   0.015234             2      277     1
          77   3.161481   0.033950   0.071432   0.132840   0.003345   0.473630   0.095457   0.130000   0.066445   0.616220   0.852500   0.697200   0.428000   1.000000   0.000001   0.015343             2      277     1
          78   3.162202   0.033961   0.071430   0.132800   0.003345   0.473630   0.095531   0.130020   0.066448   0.616290   0.852150   0.696890   0.427240   1.000000   0.000001   0.015362             2      277     1
          79   3.200752   0.034579   0.071337   0.130900   0.003339   0.473290   0.099465   0.130900   0.066616   0.619980   0.833780   0.680940   0.389260   1.000000   0.000001   0.016426             2      277     1
          80   3.236747   0.035156   0.071250   0.129160   0.003333   0.472970   0.103140   0.131700   0.066773   0.623370   0.817590   0.666910   0.358560   1.000000   0.000001   0.017437             2      277     1
          81   3.238400   0.035183   0.071246   0.129080   0.003333   0.472960   0.103310   0.131730   0.066780   0.623530   0.816870   0.666290   0.357250   1.000000   0.000001   0.017483             2      277     1
          82   3.264960   0.035609   0.071182   0.127830   0.003329   0.472730   0.106020   0.132300   0.066896   0.626000   0.805510   0.656460   0.337180   1.000000   0.000001   0.018240             2      277     1
          83   3.276559   0.035795   0.071153   0.127290   0.003328   0.472620   0.107200   0.132540   0.066947   0.627070   0.800690   0.652290   0.328990   1.000000   0.000001   0.018573             2      277     1
          84   3.285335   0.035936   0.071132   0.126880   0.003326   0.472550   0.108100   0.132730   0.066986   0.627870   0.797090   0.649190   0.323010   1.000000   0.000001   0.018826             2      277     1
          85   3.293637   0.036069   0.071112   0.126500   0.003325   0.472470   0.108940   0.132900   0.067023   0.628630   0.793730   0.646290   0.317510   1.000000   0.000001   0.019066             2      277     1
          86   3.297405   0.036129   0.071103   0.126320   0.003325   0.472440   0.109330   0.132970   0.067039   0.628980   0.792220   0.644990   0.315070   1.000000   0.000001   0.019175             2      277     1
          87   3.300258   0.036175   0.071096   0.126190   0.003324   0.472410   0.109620   0.133030   0.067052   0.629240   0.791080   0.644000   0.313240   1.000000   0.000001   0.019258             2      277     1
          88   3.332017   0.036685   0.071018   0.124750   0.003320   0.472130   0.112860   0.133670   0.067193   0.632100   0.778720   0.633340   0.293980   1.000000   0.000001   0.020185             2      277     1
          89   3.346561   0.036919   0.070983   0.124090   0.003318   0.472010   0.114340   0.133950   0.067257   0.633400   0.773240   0.628620   0.285790   1.000000   0.000001   0.020613             2      277     1
          90   3.350851   0.036988   0.070972   0.123900   0.003317   0.471970   0.114780   0.134040   0.067276   0.633780   0.771650   0.627240   0.283450   1.000000   0.000001   0.020740             2      277     1
          91   3.353975   0.037038   0.070965   0.123760   0.003317   0.471940   0.115100   0.134100   0.067290   0.634060   0.770490   0.626250   0.281760   1.000000   0.000001   0.020832             2      277     1
          92   3.381652   0.037483   0.070897   0.122540   0.003313   0.471700   0.117920   0.134620   0.067414   0.636500   0.760470   0.617620   0.267510   1.000000   0.000001   0.021656             2      277     1
          93   3.389520   0.037609   0.070878   0.122200   0.003312   0.471630   0.118730   0.134770   0.067449   0.637190   0.757690   0.615230   0.263670   1.000000   0.000001   0.021891             2      277     1
          94   3.453742   0.038642   0.070719   0.119450   0.003304   0.471080   0.125280   0.135910   0.067739   0.642690   0.736050   0.596640   0.235420   1.000000   0.000001   0.023837             2      277     1
          95   3.464551   0.038816   0.070693   0.119000   0.003302   0.470990   0.126380   0.136090   0.067788   0.643600   0.732590   0.593670   0.231150   1.000000   0.000001   0.024169             2      277     1
          96   3.470580   0.038913   0.070678   0.118750   0.003301   0.470940   0.127000   0.136190   0.067816   0.644100   0.730680   0.592030   0.228820   1.000000   0.000001   0.024354             2      277     1
          97   3.472911   0.038951   0.070672   0.118650   0.003301   0.470920   0.127240   0.136230   0.067826   0.644290   0.729940   0.591400   0.227930   1.000000   0.000001   0.024426             2      277     1
          98   3.483153   0.039115   0.070646   0.118230   0.003300   0.470840   0.128280   0.136400   0.067873   0.645150   0.726740   0.588650   0.224090   1.000000   0.000001   0.024740             2      277     1
          99   3.493852   0.039288   0.070620   0.117790   0.003299   0.470750   0.129370   0.136570   0.067922   0.646030   0.723430   0.585820   0.220180   1.000000   0.000001   0.025070             2      277     1
