  number of constrains
  24
  
  Constrains selection
  1   2   5   8  11  13  15  16  24  25  26  27  30  31  32  33  34  35  36  60  62  65  68  72
  
  number of variables
  41
  
  Variables selection
  2   3   4   5   6   9  13  14  16  18  29  36  37  38  39  41  42  44  46  48  49  50  51  52  53  54  56  57  58  59  60  61 103 106 109 110 113 117 122 123 135
  
  
  n VMCOM iter | Figure of merit | VMCON conv      | constrains quad sum |   residual,   input values and  FoM input gradients
  niter          abs(objf)         sum                sqsumsq                  1                 2                 5                 8                11                13                15                16                24                25                26                27                30                31                32                33                34                35                36                60                62                65                68                72                 2                 3                 4                 5                 6                 9                13                14                16                18                29                36                37                38                39                41                42                44                46                48                49                50                51                52                53                54                56                57                58                59                60                61               103               106               109               110               113               117               122               123               135                 2                 3                 4                 5                 6                 9                13                14                16                18                29                36                37                38                39                41                42                44                46                48                49                50                51                52                53                54                56                57                58                59                60                61               103               106               109               110               113               117               122               123               135
    2            0.2023000000E+01  0.3035237247E-01  0.6310579367E-01  0.7433587177E-03 -0.1413721778E-02  0.5160870922E-04 -0.3029568737E-02  0.2115188275E-04  0.2525662640E-01  0.3639963491E-01  0.1772333713E-01  0.2853460426E-03  0.2257869048E-04  0.3524632694E-04  0.5331054433E-04 -0.4080999476E-02  0.1125589143E-01  0.1039426493E-01  0.1457335060E-03  0.6046973801E-04  0.1079447602E-03  0.2660900452E-03  0.8901833459E-06  0.2834609734E-02  0.9272806817E-04 -0.3786863903E-01  0.1161162185E-04  0.1000000000E+01  0.1000000000E+01  0.1000000000E+01  0.1000000000E+01  0.1000000000E+01  0.1000000000E+01  0.1000000000E+01  0.1000000000E+01  0.1000000000E+01  0.1000000000E+01  0.1000000000E+01  0.1000000000E+01  0.1000000000E+01  0.1000000000E+01  0.1000000000E+01  0.1000000000E+01  0.1000000000E+01  0.1000000000E+01  0.1000000000E+01  0.1000000000E+01  0.1000000000E+01  0.1000000000E+01  0.1000000000E+01  0.1000000000E+01  0.1000000000E+01  0.1000000000E+01  0.1000000000E+01  0.1000000000E+01  0.1000000000E+01  0.1000000000E+01  0.1000000000E+01  0.1000000000E+01  0.1000000000E+01  0.1000000000E+01  0.1000000000E+01  0.1000000000E+01  0.1000000000E+01  0.1000000000E+01  0.1000000000E+01  0.1000000000E+01  0.1000000000E+01  0.7526746950E-05  0.7602110583E-04 -0.2197434324E-04 -0.1421039082E-03 -0.2820343559E-04  0.1337180366E-14 -0.3351702188E-02 -0.1757407961E-03  0.5317504989E-02 -0.8769374116E-16 -0.1785937865E-03 -0.1156175687E-03 -0.6037746524E-02 -0.7462960268E-02 -0.7438766922E-02 -0.1382054193E-16  0.3576407731E-17 -0.2245981179E-15  0.2893993396E-03 -0.5700038790E-02 -0.9138374344E-02 -0.7371532572E-04 -0.4884418527E-03 -0.4884418527E-03 -0.1234461552E-02 -0.9221283615E-04  0.2176861592E-03 -0.7903098038E-02 -0.2093260486E-15  0.2634492794E-03  0.0000000000E+00 -0.3490396380E-17 -0.5780969142E-04 -0.7377942327E-03  0.8622823513E-04  0.4384687058E-16 -0.1227546400E-03 -0.4069244941E-15 -0.2068829278E-02 -0.2765068809E-02  0.5421919882E-01
    3            0.2023153791E+01  0.1197778547E-02  0.2220506139E-02  0.2814495216E-05 -0.3332029544E-05  0.5897313970E-08  0.6268632828E-05  0.6255772123E-08  0.5535642088E-04 -0.1471801089E-02 -0.6380079786E-03  0.3703422216E-05  0.1063207922E-07  0.4009652413E-04  0.4070605185E-04  0.2872953284E-04  0.2694209327E-04  0.7784894724E-05 -0.1270932235E-05 -0.6388522543E-06 -0.1560323596E-05 -0.1651032458E-05  0.1784406539E-04 -0.1216817640E-04 -0.1054833509E-07  0.1531924300E-02  0.4600241153E-04  0.1000007527E+01  0.1000076021E+01  0.9999780257E+00  0.9998578961E+00  0.9999717966E+00  0.1000000000E+01  0.9966482978E+00  0.9998242592E+00  0.1005317505E+01  0.1000000000E+01  0.9998214062E+00  0.9998843824E+00  0.9939622535E+00  0.9925370397E+00  0.9925612331E+00  0.1000000000E+01  0.1000000000E+01  0.1000000000E+01  0.1000289399E+01  0.9942999612E+00  0.9908616257E+00  0.9999262847E+00  0.9995115581E+00  0.9995115581E+00  0.9987655384E+00  0.9999077872E+00  0.1000217686E+01  0.9920969020E+00  0.1000000000E+01  0.1000263449E+01  0.1000000000E+01  0.1000000000E+01  0.9999421903E+00  0.9992622058E+00  0.1000086228E+01  0.1000000000E+01  0.9998772454E+00  0.1000000000E+01  0.9979311707E+00  0.9972349312E+00  0.1054219199E+01 -0.7281117315E-04 -0.2017169045E-03 -0.1429591768E-03  0.1887896650E-03  0.1288920286E-03 -0.7136470234E-15 -0.2680224149E-02  0.1595171123E-03  0.4235107440E-02  0.5043536118E-15 -0.8630154509E-03  0.1740017223E-03 -0.4881414319E-02 -0.6184806121E-02 -0.6194804022E-02  0.1052803678E-16  0.0000000000E+00 -0.3390170089E-15 -0.4409710559E-03  0.3213934301E-02  0.4754049185E-03  0.5966386390E-04 -0.2356498864E-03 -0.2356498864E-03  0.1002868524E-02  0.8516794826E-04 -0.5170059894E-03 -0.5053317544E-02  0.5241496798E-16 -0.2677667605E-03  0.0000000000E+00 -0.3913504610E-17  0.1928900144E-03 -0.6686620091E-03 -0.4257174046E-03  0.5421010862E-19  0.1591975260E-04  0.1237973808E-14 -0.2080117693E-02 -0.2448899475E-02 -0.2115134436E-02
    4            0.2022745717E+01  0.2289284262E-03  0.1093976020E-02  0.7935585966E-08  0.2410863997E-07  0.3315566910E-07  0.4056492142E-07 -0.7343015085E-12 -0.1081735305E-02 -0.2624449265E-05 -0.1557766047E-03  0.1724278720E-07 -0.1469190825E-07  0.2466762754E-04  0.2487785559E-04  0.1307502615E-06 -0.1397019497E-04 -0.2670749080E-05 -0.1263875608E-05 -0.1730560089E-05 -0.1087538603E-05 -0.1801805350E-05  0.1137690075E-04 -0.1138259602E-06 -0.1006763055E-06  0.2783070375E-05  0.2798357897E-04  0.9999347156E+00  0.9998743042E+00  0.9998350665E+00  0.1000046686E+01  0.1000100689E+01  0.1000000000E+01  0.9939680737E+00  0.9999837763E+00  0.1009552612E+01  0.1000000000E+01  0.9989583908E+00  0.1000058384E+01  0.9890808392E+00  0.9863522336E+00  0.9863664291E+00  0.1000000000E+01  0.1000000000E+01  0.1000000000E+01  0.9998484283E+00  0.9975138955E+00  0.9913370306E+00  0.9999859485E+00  0.9992759083E+00  0.9992759083E+00  0.9997684070E+00  0.9999929551E+00  0.9997006802E+00  0.9870435844E+00  0.1000000000E+01  0.9999956825E+00  0.1000000000E+01  0.1000000000E+01  0.1000135080E+01  0.9985935438E+00  0.9996605108E+00  0.1000000000E+01  0.9998931651E+00  0.1000000000E+01  0.9958510530E+00  0.9947860317E+00  0.1052104064E+01 -0.8191653545E-05 -0.2264501855E-04 -0.2532146670E-04  0.8314817685E-05  0.1448303412E-04 -0.1999450039E-15 -0.1788906665E-02 -0.4925308902E-05  0.2717998780E-02 -0.6006392313E-15 -0.1771949994E-03  0.7349693419E-05 -0.2987213683E-02 -0.3710254882E-02 -0.3696162140E-02 -0.2430403882E-16 -0.7113037158E-17  0.3327951033E-15 -0.2052655104E-04  0.2486104489E-02  0.4863805110E-03  0.8142083284E-05 -0.1570068915E-03 -0.1570068915E-03  0.2315930279E-03  0.7044887896E-05 -0.1629825141E-03 -0.3638604535E-02 -0.6343445521E-16 -0.6602892769E-04  0.0000000000E+00  0.0000000000E+00  0.2146672249E-04 -0.3619628586E-03 -0.4657485387E-04 -0.1749452850E-16  0.1068348874E-03 -0.6738910843E-15 -0.1668146943E-02 -0.7602578604E-03 -0.2313259582E-04
    5            0.2022699907E+01  0.7318285598E-04  0.4343682783E-03  0.2135946975E-08 -0.3944375493E-08  0.4034803602E-09 -0.1516211279E-07  0.8598577406E-09 -0.4271619038E-03  0.1805333849E-07 -0.7615643873E-04  0.3177028196E-08  0.1542537653E-08  0.1004818176E-04  0.1020720815E-04  0.7436760097E-09 -0.7335763474E-05 -0.9897382265E-06 -0.6914248341E-07  0.5739216435E-07 -0.6421606757E-07  0.1848256193E-07  0.4508215844E-05 -0.4781602114E-08 -0.1721492504E-07 -0.1320773080E-07  0.1133235515E-04  0.9999265239E+00  0.9998516592E+00  0.9998097450E+00  0.1000055001E+01  0.1000115172E+01  0.1000000000E+01  0.9921791670E+00  0.9999788510E+00  0.1012270611E+01  0.1000000000E+01  0.9987811958E+00  0.1000065734E+01  0.9860936255E+00  0.9826419787E+00  0.9826702669E+00  0.1000000000E+01  0.1000000000E+01  0.1000000000E+01  0.9998279017E+00  0.1000000000E+01  0.9918234111E+00  0.9999940906E+00  0.9991189014E+00  0.9991189014E+00  0.1000000000E+01  0.1000000000E+01  0.9995376977E+00  0.9834049799E+00  0.1000000000E+01  0.9999296536E+00  0.1000000000E+01  0.1000000000E+01  0.1000156547E+01  0.9982315809E+00  0.9996139360E+00  0.1000000000E+01  0.1000000000E+01  0.1000000000E+01  0.9941829061E+00  0.9940257739E+00  0.1052080932E+01  0.6433925017E-05  0.1781760860E-04  0.1999433438E-04 -0.6389025416E-05 -0.1138686060E-04 -0.8533074380E-15  0.1959694931E-04  0.4130416099E-05 -0.2965199912E-04  0.2117535824E-15  0.5578018521E-04 -0.5643095875E-05  0.1040244635E-03  0.1325939843E-03  0.1355191169E-03 -0.4056718766E-17 -0.7013608986E-17 -0.1152862528E-15  0.1586267859E-04 -0.3174373199E-15  0.1757487595E-04  0.1297984510E-05 -0.5256150715E-05 -0.5256150715E-05 -0.7804072499E-16  0.0000000000E+00  0.4426294656E-04  0.3822910272E-04 -0.3989433363E-16  0.6260159934E-05  0.0000000000E+00  0.0000000000E+00 -0.1683444213E-04  0.3902745925E-04  0.3666179936E-04  0.3646986074E-16 -0.8712341287E-15 -0.3864105542E-15 -0.5535689230E-03  0.7440803478E-03  0.1537891594E-04
    6            0.2022718207E+01  0.2977716034E-04  0.1853593314E-03  0.2159894485E-09 -0.6263077834E-09  0.2721489700E-09 -0.2093403340E-08  0.4315510171E-09 -0.1818535744E-03  0.3727959386E-08 -0.3449446490E-04  0.5623868038E-09  0.7464027174E-09  0.4948445168E-05  0.5024453144E-05  0.5139992876E-09 -0.3562947956E-05 -0.4317873723E-06 -0.3427687567E-07  0.1802833598E-06 -0.3165034734E-07  0.8156163078E-08  0.2219282412E-05 -0.1200744726E-08 -0.8549082664E-08 -0.2511436614E-08  0.5469713360E-05  0.9999297906E+00  0.9998607056E+00  0.9998198966E+00  0.1000051757E+01  0.1000109390E+01  0.1000000000E+01  0.9921891168E+00  0.9999809481E+00  0.1012255556E+01  0.1000000000E+01  0.9988095167E+00  0.1000062869E+01  0.9861464412E+00  0.9827092999E+00  0.9827390733E+00  0.1000000000E+01  0.1000000000E+01  0.1000000000E+01  0.9998359556E+00  0.1000000000E+01  0.9918323343E+00  0.9999947496E+00  0.9991162327E+00  0.9991162327E+00  0.1000000000E+01  0.1000000000E+01  0.9995601710E+00  0.9834243897E+00  0.1000000000E+01  0.9999328320E+00  0.1000000000E+01  0.1000000000E+01  0.1000148000E+01  0.9982513961E+00  0.9996325501E+00  0.1000000000E+01  0.1000000000E+01  0.1000000000E+01  0.9939018457E+00  0.9944035616E+00  0.1052088740E+01  0.2345806418E-05  0.6496557595E-05  0.7287947817E-05 -0.2332397103E-05 -0.4151736822E-05  0.1021602565E-14  0.7752948068E-05  0.1497201170E-05  0.2568147178E-03 -0.1122692139E-15 -0.1159871917E-03 -0.2059399488E-05 -0.6750011794E-04 -0.1284149962E-03 -0.1261534041E-03 -0.1008469897E-16 -0.1403653533E-16  0.8944944395E-15  0.5786107998E-05 -0.2010838226E-15  0.6299965877E-05  0.4825158088E-06 -0.1922067573E-05 -0.1922067573E-05  0.8894091247E-16  0.0000000000E+00  0.1614146708E-04  0.1522960454E-04 -0.5999100520E-16  0.2284380519E-05  0.0000000000E+00 -0.2190704931E-17 -0.6140344950E-05  0.8212328790E-04  0.1336317812E-04 -0.1429104800E-15 -0.1112616049E-14 -0.1674771389E-15 -0.2661001398E-02  0.2803476832E-02  0.5592587569E-05
    7            0.2022731350E+01  0.6620103811E-05  0.2154907774E-04  0.1945437145E-09 -0.2679937383E-09  0.3924194303E-10 -0.1299317098E-08  0.1312328024E-10  0.1984086437E-04  0.7089076548E-08 -0.3757583982E-05  0.2717668313E-09  0.1112443471E-10 -0.4124702302E-07 -0.4517759988E-07  0.8060929702E-10  0.3471529486E-07  0.3985747110E-07 -0.4242006746E-10  0.1092670303E-06  0.7913447675E-11  0.1098527935E-09 -0.1429520613E-08 -0.5552770466E-09 -0.3622879774E-11 -0.6651974971E-08 -0.7520960106E-05  0.9999321364E+00  0.9998672022E+00  0.9998271846E+00  0.1000049424E+01  0.1000105239E+01  0.1000000000E+01  0.9921968698E+00  0.9999824453E+00  0.1012512371E+01  0.1000000000E+01  0.9986935295E+00  0.1000060809E+01  0.9860789411E+00  0.9825808849E+00  0.9826129199E+00  0.1000000000E+01  0.1000000000E+01  0.1000000000E+01  0.9998417417E+00  0.1000000000E+01  0.9918386342E+00  0.9999952322E+00  0.9991143106E+00  0.9991143106E+00  0.1000000000E+01  0.1000000000E+01  0.9995763125E+00  0.9834396193E+00  0.1000000000E+01  0.9999351164E+00  0.1000000000E+01  0.1000000000E+01  0.1000141859E+01  0.9983335194E+00  0.9996459132E+00  0.1000000000E+01  0.1000000000E+01  0.1000000000E+01  0.9912408443E+00  0.9972070384E+00  0.1052094333E+01 -0.3705352152E-06 -0.1026091408E-05 -0.1152337812E-05  0.3667813798E-06  0.6557675469E-06 -0.7548996078E-15 -0.8633081115E-06 -0.2411286165E-06  0.2759801445E-03  0.1187384430E-15 -0.1426688699E-03  0.3241864399E-06 -0.1203102288E-03 -0.2339331047E-03 -0.2329419304E-03  0.3418485344E-17  0.3506923084E-17 -0.1002842477E-14 -0.9122932912E-06  0.4906780653E-16 -0.1072960648E-05 -0.7052851335E-07  0.2787505227E-06  0.2787505227E-06  0.3870096376E-16  0.0000000000E+00 -0.2548032451E-05 -0.1638103393E-05  0.3012281067E-15 -0.3596411806E-06  0.0000000000E+00  0.0000000000E+00  0.9686877455E-06  0.6205280841E-04 -0.2112749881E-05  0.3741162887E-16  0.1820832453E-15  0.1066415794E-14 -0.2718414641E-02  0.2792961609E-02 -0.8879648092E-06
    8            0.2022729274E+01  0.8308000864E-05  0.1276669615E-04  0.8864768919E-09 -0.1379050429E-08  0.1196820421E-12 -0.5801156999E-08  0.1725886101E-10 -0.3119244772E-05  0.1159997609E-07 -0.9747665953E-05  0.1124214055E-08  0.3429656559E-10 -0.3479117938E-07 -0.3592198716E-07 -0.8097966742E-12 -0.5411307735E-08 -0.6224300075E-08  0.1438420494E-09 -0.1719965470E-07  0.5339129139E-10  0.9299061521E-09  0.1048401144E-07 -0.1579046560E-08  0.1873345923E-10 -0.1012629869E-07 -0.7631421790E-05  0.9999317659E+00  0.9998661761E+00  0.9998260322E+00  0.1000049791E+01  0.1000105894E+01  0.1000000000E+01  0.9921960065E+00  0.9999822042E+00  0.1012788351E+01  0.1000000000E+01  0.9985508607E+00  0.1000061133E+01  0.9859586309E+00  0.9823469518E+00  0.9823799779E+00  0.1000000000E+01  0.1000000000E+01  0.1000000000E+01  0.9998408294E+00  0.1000000000E+01  0.9918375613E+00  0.9999951616E+00  0.9991145894E+00  0.9991145894E+00  0.1000000000E+01  0.1000000000E+01  0.9995737645E+00  0.9834379812E+00  0.1000000000E+01  0.9999347568E+00  0.1000000000E+01  0.1000000000E+01  0.1000142828E+01  0.9983955722E+00  0.9996438005E+00  0.1000000000E+01  0.1000000000E+01  0.1000000000E+01  0.9885224296E+00  0.1000000000E+01  0.1052093445E+01  0.7404503895E-06  0.2050546986E-05  0.2301971384E-05 -0.7340436488E-06 -0.1310460337E-05 -0.2302872855E-15  0.1681788933E-05  0.4793615392E-06 -0.3572349243E-04  0.9054220289E-16  0.2323440657E-04 -0.6487498590E-06  0.1251920283E-04 -0.2407002398E-04 -0.2402204597E-04 -0.8987436905E-17  0.2807487061E-16  0.3330465786E-15  0.1825058135E-05 -0.3706024742E-15  0.2084293666E-05  0.1408258209E-06 -0.6628589584E-06 -0.6628589584E-06  0.7354304103E-16  0.0000000000E+00  0.5092002735E-05  0.3180809521E-05  0.3941437626E-16  0.7186451700E-06  0.0000000000E+00  0.0000000000E+00 -0.1935791236E-05 -0.1260526609E-04  0.4221713260E-05 -0.4909224336E-16  0.4831531253E-16 -0.1408932074E-14 -0.2302240455E-05  0.0000000000E+00  0.1781066134E-05
    9            0.2022733422E+01  0.2253813347E-06  0.6210300684E-05 -0.2748715699E-09  0.4416638166E-09  0.4924727293E-11  0.1804687066E-08  0.2144284750E-11  0.6209554711E-05 -0.2471986615E-08  0.8820482167E-07 -0.3475274513E-09  0.2790212505E-11  0.9638885246E-09  0.4612286109E-09  0.1137223649E-10  0.1096225755E-07  0.1257835791E-07  0.1827227258E-10  0.3450428254E-07  0.3454792008E-11 -0.1254605309E-09  0.8827072406E-10  0.4517939356E-09  0.1550959361E-10  0.2028154755E-08  0.7845490924E-09  0.9999325063E+00  0.9998682266E+00  0.9998283342E+00  0.1000049057E+01  0.1000104584E+01  0.1000000000E+01  0.9921976883E+00  0.9999826836E+00  0.1012752628E+01  0.1000000000E+01  0.9985740951E+00  0.1000060485E+01  0.9859711501E+00  0.9823228818E+00  0.9823559559E+00  0.1000000000E+01  0.1000000000E+01  0.1000000000E+01  0.9998426545E+00  0.1000000000E+01  0.9918396456E+00  0.9999953025E+00  0.9991139265E+00  0.9991139265E+00  0.1000000000E+01  0.1000000000E+01  0.9995788565E+00  0.9834411620E+00  0.1000000000E+01  0.9999354754E+00  0.1000000000E+01  0.1000000000E+01  0.1000140892E+01  0.9983829669E+00  0.9996480222E+00  0.1000000000E+01  0.1000000000E+01  0.1000000000E+01  0.9885201274E+00  0.1000000000E+01  0.1052095226E+01 -0.2107975344E-07 -0.5837266918E-07 -0.6529198691E-07  0.2122756026E-07  0.3730696472E-07 -0.1344946198E-15 -0.5524725581E-07 -0.1245505313E-07 -0.1645141027E-03  0.1122956708E-15  0.8339574638E-04  0.1861687490E-07  0.6790150752E-04 -0.8637547021E-04 -0.8710099742E-04 -0.2947271872E-16  0.0000000000E+00  0.9545479302E-15 -0.5191305339E-07  0.4500668433E-15 -0.6947268554E-07 -0.3861461423E-08  0.9570238484E-09  0.9570238436E-09  0.4102555393E-15  0.0000000000E+00 -0.1449680535E-06 -0.1062684292E-06 -0.1299384012E-15 -0.2042794987E-07  0.0000000000E+00  0.0000000000E+00  0.5569306980E-07 -0.5136595474E-04 -0.1193201387E-06  0.1160768096E-15 -0.3040738149E-15  0.4552581288E-15 -0.3850985486E-04  0.0000000000E+00 -0.4576411790E-07
   10            0.2022733304E+01  0.5605998039E-06  0.6131179846E-06 -0.4742914950E-09  0.7311125039E-09 -0.4019007349E-13  0.3097354151E-08  0.6210143511E-11 -0.1815188485E-06 -0.6588103618E-08  0.5848831779E-06 -0.6000047126E-09  0.1247735248E-10  0.1598772670E-07  0.1532090232E-07 -0.1284528039E-12 -0.3101328083E-09 -0.3570146401E-09  0.7508060840E-10 -0.1009103467E-08  0.1979150177E-10 -0.2265476695E-09  0.3688734429E-08  0.8526659379E-09  0.1074784706E-10  0.5800598002E-08  0.1680788153E-07  0.9999324852E+00  0.9998681683E+00  0.9998282689E+00  0.1000049078E+01  0.1000104621E+01  0.1000000000E+01  0.9921976330E+00  0.9999826711E+00  0.1012588113E+01  0.1000000000E+01  0.9986574908E+00  0.1000060503E+01  0.9860390516E+00  0.9822365063E+00  0.9822688549E+00  0.1000000000E+01  0.1000000000E+01  0.1000000000E+01  0.9998426026E+00  0.1000000000E+01  0.9918395761E+00  0.9999952986E+00  0.9991139275E+00  0.9991139275E+00  0.1000000000E+01  0.1000000000E+01  0.9995787115E+00  0.9834410558E+00  0.1000000000E+01  0.9999354550E+00  0.1000000000E+01  0.1000000000E+01  0.1000140948E+01  0.9983316010E+00  0.9996479029E+00  0.1000000000E+01  0.1000000000E+01  0.1000000000E+01  0.9884816175E+00  0.1000000000E+01  0.1052095180E+01 -0.5490172364E-07 -0.1520411833E-06 -0.1678984175E-06  0.5817888349E-07  0.9716601935E-07  0.6410347721E-15 -0.1242821926E-06 -0.2378405775E-07 -0.8041492796E-03 -0.2577019438E-15  0.4079456196E-03  0.5029378234E-07  0.3401120103E-03 -0.3993954990E-03 -0.4028089844E-03  0.2255075077E-17 -0.3509345592E-17 -0.4847860614E-15 -0.1373929682E-06  0.2406467381E-15 -0.1539131844E-06 -0.9483916228E-08  0.5026323955E-07  0.5026323952E-07 -0.4440896334E-15  0.0000000000E+00 -0.3775543420E-06 -0.2348884266E-06  0.9359754058E-16 -0.5308204612E-07  0.0000000000E+00  0.0000000000E+00  0.1479172286E-06 -0.2458622735E-03 -0.3061474044E-06  0.9753715315E-16  0.8349962703E-15 -0.6322750153E-16 -0.1717788639E-03  0.0000000000E+00 -0.1043801211E-06
   11            0.2022732997E+01  0.3392210695E-05  0.4261846216E-05 -0.2329083815E-08  0.3591675402E-08 -0.9070522111E-13  0.1521133175E-07  0.1454574239E-09 -0.1969003198E-05 -0.3226614642E-07  0.3714242095E-05 -0.2946646815E-08  0.2922460052E-09  0.4025074041E-06  0.3868408958E-06 -0.3242961455E-12 -0.4767701789E-09 -0.6241098749E-09  0.1540549022E-08 -0.2546061917E-08  0.4601821146E-09  0.1062789634E-08  0.9502591847E-07  0.4185091385E-08  0.2642666086E-09  0.2839908064E-07  0.4098081361E-06  0.9999324303E+00  0.9998680162E+00  0.9998281010E+00  0.1000049136E+01  0.1000104718E+01  0.1000000000E+01  0.9921975087E+00  0.9999826473E+00  0.1011783964E+01  0.1000000000E+01  0.9990654364E+00  0.1000060554E+01  0.9863791636E+00  0.9818371108E+00  0.9818660459E+00  0.1000000000E+01  0.1000000000E+01  0.1000000000E+01  0.9998424652E+00  0.1000000000E+01  0.9918394222E+00  0.9999952891E+00  0.9991139777E+00  0.9991139777E+00  0.1000000000E+01  0.1000000000E+01  0.9995783339E+00  0.9834408209E+00  0.1000000000E+01  0.9999354019E+00  0.1000000000E+01  0.1000000000E+01  0.1000141096E+01  0.9980857387E+00  0.9996475967E+00  0.1000000000E+01  0.1000000000E+01  0.1000000000E+01  0.9883098387E+00  0.1000000000E+01  0.1052095076E+01 -0.3175291216E-06 -0.8793437601E-06 -0.9754974090E-06  0.3304981656E-06  0.5619685226E-06 -0.1397694012E-15 -0.7193588630E-06 -0.1563147930E-06 -0.3446672096E-02  0.5975835746E-15  0.1747927799E-02  0.2873842730E-06  0.1461945382E-02 -0.1704322327E-02 -0.1718776111E-02 -0.3091513608E-17 -0.1403722355E-16 -0.4946064794E-15 -0.7913243215E-06 -0.4851905896E-15 -0.8910331992E-06 -0.5637067381E-07  0.2891760982E-06  0.2891760981E-06 -0.5509609052E-15  0.0000000000E+00 -0.2183620742E-05 -0.1359804992E-05 -0.4440957610E-16 -0.3073267234E-06  0.0000000000E+00  0.0000000000E+00  0.8484949002E-06 -0.1052023923E-02 -0.1781606246E-05 -0.2770794650E-15  0.3215076894E-15  0.3269669272E-15 -0.7320072754E-03  0.0000000000E+00 -0.6478737351E-06
   12            0.2022731218E+01  0.1367363435E-04  0.3665214125E-04 -0.9960461123E-08  0.1535706717E-07 -0.3219646771E-14  0.6504871819E-07  0.2652178921E-08 -0.3041601367E-04 -0.1381294172E-06  0.1587540243E-04 -0.1260053983E-07  0.5328493424E-08  0.7422924863E-05  0.7132814418E-05 -0.9029443859E-12  0.2480270211E-08  0.1254966797E-08  0.2726894666E-07 -0.1228877267E-07  0.8378086447E-08  0.4291682631E-07  0.1754271154E-05  0.1789962423E-07  0.4837005463E-08  0.1215932599E-06  0.7557847755E-05  0.9999321128E+00  0.9998671369E+00  0.9998271255E+00  0.1000049467E+01  0.1000105280E+01  0.1000000000E+01  0.9921967894E+00  0.9999824910E+00  0.1008337292E+01  0.1000000000E+01  0.1000813364E+01  0.1000060841E+01  0.9878411090E+00  0.9801327885E+00  0.9801472698E+00  0.1000000000E+01  0.1000000000E+01  0.1000000000E+01  0.9998416738E+00  0.1000000000E+01  0.9918385312E+00  0.9999952327E+00  0.9991142669E+00  0.9991142669E+00  0.1000000000E+01  0.1000000000E+01  0.9995761503E+00  0.9834394611E+00  0.1000000000E+01  0.9999350946E+00  0.1000000000E+01  0.1000000000E+01  0.1000141944E+01  0.9970337148E+00  0.9996458151E+00  0.1000000000E+01  0.1000000000E+01  0.1000000000E+01  0.9875778314E+00  0.1000000000E+01  0.1052094428E+01 -0.1153762947E-05 -0.3195147079E-05 -0.3593249439E-05  0.1135232591E-05  0.2041947128E-05 -0.1054046260E-14 -0.2611372111E-05 -0.7739374734E-06 -0.1344818641E-02 -0.1134834621E-14  0.6748909854E-03  0.1005945630E-05  0.5890415621E-03 -0.6274601018E-03 -0.6326750567E-03 -0.3209232567E-16 -0.1403653533E-16 -0.4534526249E-15 -0.2839378395E-05  0.1746326066E-15 -0.3235228573E-05 -0.2216874180E-06  0.1054946598E-05  0.1054946598E-05  0.8424154657E-15  0.0000000000E+00 -0.7934301131E-05 -0.4936888313E-05  0.3567036090E-16 -0.1120263416E-05  0.0000000000E+00  0.0000000000E+00  0.3006073682E-05 -0.4016989109E-03 -0.6594256644E-05  0.5247392245E-15 -0.1284486063E-14 -0.9873808508E-16 -0.2656429665E-03  0.0000000000E+00 -0.2841713717E-05
   13            0.2022724754E+01  0.6376570482E-05  0.1602958491E-04 -0.3652746217E-08  0.5593835617E-08  0.6050049350E-11  0.2380959518E-07  0.3856059916E-09 -0.1401919051E-04 -0.5242999301E-07  0.7490377355E-05 -0.4607669024E-08  0.7710712069E-09  0.1205913806E-05  0.1164957891E-05  0.8215206293E-11 -0.1615007805E-07 -0.1874691802E-07  0.3961247108E-08 -0.5370622591E-07  0.1211112544E-08  0.4447826996E-08  0.2898795433E-06  0.6583157797E-08  0.6495126659E-09  0.4638900797E-07  0.1183063845E-05  0.9999309590E+00  0.9998639417E+00  0.9998235323E+00  0.1000050602E+01  0.1000107322E+01  0.1000000000E+01  0.9921941780E+00  0.9999817171E+00  0.1006992473E+01  0.1000000000E+01  0.1001488255E+01  0.1000061847E+01  0.9884301505E+00  0.9795053284E+00  0.9795145947E+00  0.1000000000E+01  0.1000000000E+01  0.1000000000E+01  0.9998388345E+00  0.1000000000E+01  0.9918352959E+00  0.9999950110E+00  0.9991153219E+00  0.9991153219E+00  0.1000000000E+01  0.1000000000E+01  0.9995682160E+00  0.9834345242E+00  0.1000000000E+01  0.9999339743E+00  0.1000000000E+01  0.1000000000E+01  0.1000144951E+01  0.9966320159E+00  0.9996392209E+00  0.1000000000E+01  0.1000000000E+01  0.1000000000E+01  0.9873121884E+00  0.1000000000E+01  0.1052091586E+01 -0.5386322566E-06 -0.1491629543E-05 -0.1678438689E-05  0.5286844206E-06  0.9532709328E-06  0.6581137133E-15 -0.1208893164E-05 -0.3655911876E-06 -0.2314537717E-04  0.2722911754E-15  0.8034070095E-05  0.4689238951E-06  0.1622497443E-04  0.4968434397E-05  0.4831812053E-05  0.6809434441E-17  0.1052761326E-16  0.9448972591E-15 -0.1325136200E-05 -0.1149869249E-16 -0.1496335337E-05 -0.1039366685E-06  0.5172557976E-06  0.5172557976E-06 -0.4466494991E-15  0.0000000000E+00 -0.3704009262E-05 -0.2283025418E-05 -0.1871378450E-15 -0.5230890487E-06  0.0000000000E+00  0.0000000000E+00  0.1401620862E-05 -0.3275375383E-05 -0.3081170807E-05 -0.4466478050E-15  0.7468190375E-15  0.4031907794E-15  0.4430950967E-05  0.0000000000E+00 -0.1339775889E-05
   14            0.2022721737E+01  0.5430225904E-06  0.4675390801E-05  0.5346700860E-10 -0.9978673443E-10  0.7434053373E-12 -0.3667952608E-09 -0.9743317264E-12 -0.4630829144E-05 -0.2047444436E-09  0.6433658373E-06  0.7200906538E-10 -0.2760125462E-11  0.4307663115E-09  0.7732159357E-09 -0.1014743845E-12 -0.7985016981E-08 -0.9161008063E-08 -0.2824629419E-10 -0.2513689568E-07 -0.4770295270E-11 -0.4356159877E-10  0.2115678743E-09 -0.7868350416E-10 -0.2194577853E-10  0.2980211633E-09  0.5581608509E-09  0.9999304204E+00  0.9998624501E+00  0.9998218538E+00  0.1000051131E+01  0.1000108275E+01  0.1000000000E+01  0.9921929691E+00  0.9999813515E+00  0.1006969328E+01  0.1000000000E+01  0.1001496289E+01  0.1000062316E+01  0.9884463755E+00  0.9795102968E+00  0.9795194266E+00  0.1000000000E+01  0.1000000000E+01  0.1000000000E+01  0.9998375093E+00  0.1000000000E+01  0.9918337996E+00  0.9999949071E+00  0.9991158391E+00  0.9991158391E+00  0.1000000000E+01  0.1000000000E+01  0.9995645120E+00  0.9834322412E+00  0.1000000000E+01  0.9999334512E+00  0.1000000000E+01  0.1000000000E+01  0.1000146352E+01  0.9966287405E+00  0.9996361397E+00  0.1000000000E+01  0.1000000000E+01  0.1000000000E+01  0.9873166194E+00  0.1000000000E+01  0.1052090246E+01 -0.3941752218E-07 -0.1091567910E-06 -0.1223793192E-06  0.3928865232E-07  0.6975973815E-07 -0.1347586801E-14 -0.8389119731E-07 -0.2497246408E-07  0.1562015299E-04 -0.1191291186E-15 -0.8206504950E-05  0.3469284215E-07 -0.5272815024E-05  0.1159591898E-04  0.1166236766E-04 -0.1735055729E-17 -0.7018648170E-17 -0.7030747615E-15 -0.9744038179E-07 -0.2116363478E-15 -0.1031993865E-06 -0.7491234833E-08  0.4898913484E-07  0.4898913485E-07  0.6534996730E-16 -0.7289700797E-17 -0.2710422293E-06 -0.1573038778E-06  0.1939447158E-15 -0.3825604044E-07  0.0000000000E+00  0.6575598825E-18  0.1031561905E-06  0.5653162899E-05 -0.2245295753E-06  0.9182579261E-16  0.8447977068E-15 -0.5249705043E-15  0.5946986518E-05  0.0000000000E+00 -0.9517700842E-07
   15            0.2022721516E+01  0.5786533886E-07  0.3808425403E-06  0.5425748739E-10 -0.8484213332E-10 -0.7338574193E-13 -0.3553578543E-09 -0.3352873534E-13 -0.3747023921E-06  0.6796188057E-09  0.6807369446E-07  0.6883804637E-10 -0.7016609516E-13  0.3672107063E-10  0.5128386604E-10 -0.2422506640E-12 -0.5819873472E-09 -0.6680374032E-09 -0.2280842182E-11 -0.1833911356E-08 -0.1307842723E-12  0.3527911296E-10  0.1367417291E-10 -0.9579381732E-10 -0.1200151090E-11 -0.5895958166E-09  0.1285618279E-09  0.9999303810E+00  0.9998623409E+00  0.9998217314E+00  0.1000051170E+01  0.1000108345E+01  0.1000000000E+01  0.9921928852E+00  0.9999813265E+00  0.1006984948E+01  0.1000000000E+01  0.1001488083E+01  0.1000062351E+01  0.9884411027E+00  0.9795218928E+00  0.9795310889E+00  0.1000000000E+01  0.1000000000E+01  0.1000000000E+01  0.9998374119E+00  0.1000000000E+01  0.9918336964E+00  0.9999948996E+00  0.9991158881E+00  0.9991158881E+00  0.1000000000E+01  0.1000000000E+01  0.9995642410E+00  0.9834320839E+00  0.1000000000E+01  0.9999334130E+00  0.1000000000E+01  0.1000000000E+01  0.1000146455E+01  0.9966343936E+00  0.9996359152E+00  0.1000000000E+01  0.1000000000E+01  0.1000000000E+01  0.9873225664E+00  0.1000000000E+01  0.1052090151E+01 -0.4391769736E-08 -0.1216212479E-07 -0.1357167189E-07  0.4463408055E-08  0.7772519129E-08  0.2230659969E-14 -0.9557153537E-08 -0.2508204221E-08  0.2373398364E-05  0.3993532423E-17 -0.1235631869E-05  0.3914313135E-08 -0.8977971592E-06  0.1492882457E-05  0.1502255400E-05  0.8275214754E-17  0.1052803574E-16 -0.2271516441E-15 -0.1089750988E-07 -0.4904334983E-16 -0.1178592102E-07 -0.8106640764E-09  0.4950041507E-08  0.4950041514E-08  0.1110223025E-15  0.9211539306E-16 -0.3020014694E-07 -0.1797290176E-07 -0.1110223025E-15 -0.4257256021E-08  0.0000000000E+00 -0.5654266341E-17  0.1159929074E-07  0.7974619248E-06 -0.2485212799E-07  0.4713576555E-16 -0.2632569456E-15  0.2760858192E-15  0.7170636289E-06  0.0000000000E+00 -0.9894192257E-08
   16            0.2022721491E+01  0.9443845081E-09  0.4002173189E-07  0.7876588271E-11 -0.1227595803E-10 -0.9547918012E-14 -0.5154543459E-10 -0.1054711873E-13 -0.4001454312E-07  0.1010348472E-09  0.7091007781E-09  0.9984901794E-11 -0.2076117056E-13 -0.2095990048E-11  0.2893241202E-12 -0.3042011087E-13 -0.6478384496E-10 -0.7437195304E-10 -0.3598232823E-12 -0.2041029568E-09 -0.3308464613E-13  0.5186961971E-11  0.6477041126E-12 -0.1395894511E-10 -0.1454392162E-12 -0.8796829931E-10  0.3099520640E-11  0.9999303766E+00  0.9998623288E+00  0.9998217179E+00  0.1000051175E+01  0.1000108353E+01  0.1000000000E+01  0.9921928757E+00  0.9999813240E+00  0.1006987322E+01  0.1000000000E+01  0.1001486847E+01  0.1000062355E+01  0.9884402049E+00  0.9795233856E+00  0.9795325912E+00  0.1000000000E+01  0.1000000000E+01  0.1000000000E+01  0.9998374010E+00  0.1000000000E+01  0.9918336846E+00  0.9999948988E+00  0.9991158931E+00  0.9991158931E+00  0.1000000000E+01  0.1000000000E+01  0.9995642108E+00  0.9834320659E+00  0.1000000000E+01  0.9999334087E+00  0.1000000000E+01  0.1000000000E+01  0.1000146467E+01  0.9966351911E+00  0.9996358903E+00  0.1000000000E+01  0.1000000000E+01  0.1000000000E+01  0.9873232834E+00  0.1000000000E+01  0.1052090141E+01  0.2458088420E-10  0.6807649829E-10  0.8658328864E-10 -0.1073093784E-10 -0.4351541900E-10 -0.8881784147E-15  0.9974379014E-10  0.5775425685E-10  0.3971039188E-06  0.3796215158E-16 -0.2014954484E-06 -0.1331891176E-10 -0.1598650890E-06  0.2228382415E-06  0.2245197223E-06  0.4273980109E-16  0.3509345566E-17  0.8932854464E-15  0.5177998339E-10  0.2146083231E-16  0.1298140983E-09  0.7822729788E-11  0.8507806538E-10  0.8507805490E-10  0.0000000000E+00  0.9776579729E-16  0.1691762194E-09  0.1995034038E-09  0.0000000000E+00  0.2452545759E-10  0.0000000000E+00 -0.8761920418E-18 -0.4942801614E-10  0.1272279123E-06  0.1637374075E-09  0.7404312890E-16  0.2616931367E-15  0.2297566720E-15  0.1037550032E-06  0.0000000000E+00  0.1452773206E-09
   17            0.2022721491E+01  0.6427442990E-09  0.7579217548E-09  0.1151745366E-11 -0.1765254609E-11 -0.9992007222E-15 -0.7486899989E-11 -0.3330669074E-15 -0.1298506858E-09  0.1588429388E-10 -0.7463690777E-09  0.1452837850E-11  0.8881784197E-15 -0.2676747712E-12 -0.3221867217E-12 -0.2553512957E-14  0.3921307723E-12  0.4578559754E-12 -0.3230749002E-13  0.1252553616E-11 -0.1998401444E-14  0.8448797217E-12  0.3130828929E-13 -0.2061240068E-11  0.4440892099E-14 -0.1397837401E-10  0.2464695115E-13  0.9999303766E+00  0.9998623288E+00  0.9998217180E+00  0.1000051175E+01  0.1000108353E+01  0.1000000000E+01  0.9921928758E+00  0.9999813240E+00  0.1006987719E+01  0.1000000000E+01  0.1001486646E+01  0.1000062355E+01  0.9884400450E+00  0.9795236085E+00  0.9795328157E+00  0.1000000000E+01  0.1000000000E+01  0.1000000000E+01  0.9998374010E+00  0.1000000000E+01  0.9918336847E+00  0.9999948988E+00  0.9991158931E+00  0.9991158931E+00  0.1000000000E+01  0.1000000000E+01  0.9995642109E+00  0.9834320661E+00  0.1000000000E+01  0.9999334087E+00  0.1000000000E+01  0.1000000000E+01  0.1000146467E+01  0.9966353183E+00  0.9996358905E+00  0.1000000000E+01  0.1000000000E+01  0.1000000000E+01  0.9873233872E+00  0.1000000000E+01  0.1052090141E+01  0.5644780367E-10  0.1563170137E-09  0.1769483714E-09 -0.5398125393E-10 -0.9989903089E-10 -0.1654365564E-23  0.1276427918E-09  0.4275235214E-10  0.1441225953E-07  0.5274092699E-15 -0.6929172453E-08 -0.4830714613E-10 -0.6416324612E-08  0.6371363101E-08  0.6441927997E-08 -0.3263592028E-17 -0.1228270957E-16  0.5107026534E-17  0.1380672857E-09  0.7111632883E-16  0.1581271873E-09  0.1125930509E-10 -0.5187759088E-10 -0.5187760318E-10  0.0000000000E+00 -0.1243138802E-15  0.3881677352E-09  0.2413159663E-09  0.0000000000E+00  0.5489302325E-10 -0.2494072680E-14 -0.9732182803E-17 -0.1452393356E-09  0.4222171113E-08  0.3254779388E-09 -0.1369979290E-15 -0.1375898462E-14 -0.5699197356E-15  0.2761205010E-08  0.0000000000E+00  0.1506368079E-09
