  number of constrains
  24
  
  Constrains selection
  1   2   5   8  11  13  15  16  24  25  26  27  30  31  32  33  34  35  36  60  62  65  68  72
  
  number of variables
  43
  
  Variables selection
  1   2   3   4   5   6   9  11  13  14  16  18  29  36  37  38  39  41  42  44  46  48  49  50  51  52  53  54  56  57  58  59  60  61 103 106 109 110 113 117 122 123 135
  
  
  n VMCOM iter | Figure of merit | VMCON conv      | constrains quad sum |   residual,   input values and  FoM input gradients
  niter          abs(objf)         sum                sqsumsq                  1                 2                 5                 8                11                13                15                16                24                25                26                27                30                31                32                33                34                35                36                60                62                65                68                72                 1                 2                 3                 4                 5                 6                 9                11                13                14                16                18                29                36                37                38                39                41                42                44                46                48                49                50                51                52                53                54                56                57                58                59                60                61               103               106               109               110               113               117               122               123               135                 1                 2                 3                 4                 5                 6                 9                11                13                14                16                18                29                36                37                38                39                41                42                44                46                48                49                50                51                52                53                54                56                57                58                59                60                61               103               106               109               110               113               117               122               123               135
    2            0.3507800000E+01  0.8032538210E+00  0.5006226178E+00 -0.1527627713E-04 -0.9337490618E-01  0.5130246714E-04  0.1456712231E-04 -0.9485410248E-02  0.1964108927E-03  0.9992591555E-05 -0.1048920119E-01 -0.1640308063E-04 -0.2147970311E-01 -0.7386259809E-04 -0.8314347941E-04  0.7384395001E-04  0.2063331789E-01 -0.6621151854E-01 -0.1992682224E+00  0.6692212976E-04 -0.1451426733E+00 -0.3978795765E+00 -0.3446588225E-04 -0.1307748273E+00 -0.1576574747E-01 -0.1191963233E-04 -0.4480854112E-04  0.1000000000E+01  0.1000000000E+01  0.1000000000E+01  0.1000000000E+01  0.1000000000E+01  0.1000000000E+01  0.1000000000E+01  0.1000000000E+01  0.1000000000E+01  0.1000000000E+01  0.1000000000E+01  0.1000000000E+01  0.1000000000E+01  0.1000000000E+01  0.1000000000E+01  0.1000000000E+01  0.1000000000E+01  0.1000000000E+01  0.1000000000E+01  0.1000000000E+01  0.1000000000E+01  0.1000000000E+01  0.1000000000E+01  0.1000000000E+01  0.1000000000E+01  0.1000000000E+01  0.1000000000E+01  0.1000000000E+01  0.1000000000E+01  0.1000000000E+01  0.1000000000E+01  0.1000000000E+01  0.1000000000E+01  0.1000000000E+01  0.1000000000E+01  0.1000000000E+01  0.1000000000E+01  0.1000000000E+01  0.1000000000E+01  0.1000000000E+01  0.1000000000E+01  0.1000000000E+01  0.1000000000E+01  0.7281914602E-02  0.1972711990E-02 -0.1701220212E+00  0.3210258194E-01  0.1850566844E+00  0.1517945217E+00  0.5193499749E-02  0.4092527113E-06 -0.1288823219E+00  0.1838222973E+00 -0.4478538365E-01  0.2375193311E-01 -0.1880980742E+00  0.1972572957E+00  0.3363005340E-01  0.2598614975E-02 -0.1500003001E-01  0.2165794454E-16  0.2500886630E-17  0.7367987658E-01 -0.4112813453E+00 -0.5261755831E-01  0.4120431460E-01  0.3913741178E-01 -0.4704501777E-01 -0.4704501777E-01 -0.3698108441E-16 -0.9260439182E-02 -0.2228584526E+00 -0.1086730943E+00 -0.2680374728E+00 -0.1118122592E-01  0.0000000000E+00 -0.3696698309E+00  0.7644224739E-01 -0.6320009946E-02  0.3276284771E-01 -0.9620901400E-15 -0.1103850979E+00  0.6074858390E-15 -0.7363669820E-01 -0.5135021641E-01  0.2017453757E-04
    3            0.2911045974E+01  0.5301539716E+00  0.2532539876E+00  0.4064266134E-02  0.1694044314E-01  0.2748790619E-01  0.2431114020E-01  0.2519302458E-02 -0.2013602194E+00 -0.3646580747E-01 -0.1088764221E+00 -0.1581793265E-02  0.4902614897E-02 -0.7519611616E-02 -0.7117093938E-02  0.2471124009E-01  0.5859673141E-02  0.4729026221E-02  0.4663843798E-01 -0.5753080208E-03  0.3815903007E-01  0.9703843411E-02 -0.3378107367E-02  0.1765542377E-01 -0.3266095109E-02  0.6205760464E-01  0.6291516348E-02  0.1007281915E+01  0.1001972712E+01  0.8298779788E+00  0.1032102582E+01  0.1185056684E+01  0.1151794522E+01  0.1005193500E+01  0.1000000409E+01  0.8711176781E+00  0.1183822297E+01  0.9552146163E+00  0.1023751933E+01  0.8119019258E+00  0.1197257296E+01  0.1033630053E+01  0.1002598615E+01  0.9849999700E+00  0.1000000000E+01  0.1000000000E+01  0.1073679877E+01  0.5887186547E+00  0.9473824417E+00  0.1041204315E+01  0.1039137412E+01  0.9529549822E+00  0.9529549822E+00  0.1000000000E+01  0.9907395608E+00  0.7771415474E+00  0.8913269057E+00  0.7319625272E+00  0.9888187741E+00  0.1000000000E+01  0.6303301691E+00  0.1076442247E+01  0.9936799901E+00  0.1032762848E+01  0.1000000000E+01  0.8896149021E+00  0.1000000000E+01  0.9263633018E+00  0.9486497836E+00  0.1000020175E+01 -0.6882827588E-02  0.1157923597E-01 -0.2231905373E-01 -0.2761908118E-01  0.3957400550E-01  0.9796794583E-01 -0.5018033324E-02 -0.4092527115E-06 -0.8551119919E-01  0.8572530633E-01  0.3566529396E-02 -0.2375193311E-01  0.2421776224E-01  0.2842956168E-01 -0.2523807049E-02 -0.1436615109E-01 -0.1285282389E-02 -0.1972249385E-16  0.0000000000E+00 -0.6120320146E-01 -0.3227385900E-01  0.3875989974E-01  0.1508936979E-01 -0.3971402658E-01  0.1000899504E-01  0.1000899504E-01  0.0000000000E+00  0.9260439182E-02 -0.1486162555E-01 -0.1915918367E-01 -0.8578958564E-01 -0.8819972944E-02  0.0000000000E+00 -0.1267604445E+00 -0.7644224739E-01  0.8992728299E-05  0.3273632287E-02  0.9518855364E-15  0.1553425567E-01 -0.1169648615E-14  0.1010425461E-02  0.9526264550E-02 -0.6274136432E-05
    4            0.2832755197E+01  0.7096096418E-01  0.9420331761E-01 -0.3251979411E-02  0.4650639830E-03  0.4384837865E-02  0.6290994366E-02 -0.1132737185E-03 -0.5674431152E-01 -0.8483356201E-02 -0.8610093694E-03 -0.1265159747E-03  0.2429556809E-03  0.1543991268E-02  0.1226083787E-02 -0.4717781988E-02 -0.1162936877E-02  0.2304381989E-02 -0.2349587604E-01  0.5248436832E-01 -0.2662342046E-01 -0.3520837681E-01  0.5759808598E-03 -0.4845880389E-03  0.8324834855E-04  0.1493080725E-01  0.7384865988E-03  0.1000399087E+01  0.1013551948E+01  0.8075589250E+00  0.1004483501E+01  0.1224630690E+01  0.1249762468E+01  0.1000175466E+01  0.1000000000E+01  0.7856064789E+00  0.1269547604E+01  0.9587811457E+00  0.1000000000E+01  0.8361196880E+00  0.1225686857E+01  0.1031106246E+01  0.9882324639E+00  0.9837146876E+00  0.1000000000E+01  0.1000000000E+01  0.1012476675E+01  0.5564447957E+00  0.9861423414E+00  0.1056293684E+01  0.9994233852E+00  0.9629639773E+00  0.9629639773E+00  0.1000000000E+01  0.1000000000E+01  0.7622799218E+00  0.8721677220E+00  0.6461729416E+00  0.9799988011E+00  0.1000000000E+01  0.5035697246E+00  0.1000000000E+01  0.9936889828E+00  0.1036036480E+01  0.1000000000E+01  0.9051491578E+00  0.1000000000E+01  0.9273737273E+00  0.9581760481E+00  0.1000013900E+01 -0.2672841935E-02  0.1069690489E-02 -0.4055559444E-02 -0.1893544836E-03 -0.6956356704E-03  0.6313046569E-02 -0.6049812216E-02  0.4975067112E-07 -0.1857131206E-01  0.2272630270E-02  0.9547457592E-03 -0.1208395747E-14  0.5658630311E-02 -0.4612910218E-02 -0.1895170055E-02 -0.9894154822E-02 -0.7919845183E-02 -0.6758160767E-17  0.3797694611E-16  0.6411300455E-02  0.1544318455E-01  0.1385765857E-01  0.6378091535E-02  0.1495252433E-02 -0.1731422021E-01 -0.1731422021E-01  0.0000000000E+00 -0.9612873401E-03 -0.1879412043E-01  0.3985078367E-02 -0.4172251240E-01 -0.1044374686E-02  0.0000000000E+00 -0.1941186290E-01 -0.4436555290E-15 -0.2885939748E-02 -0.2758322227E-02  0.0000000000E+00  0.2177995579E-01  0.2291460652E-14 -0.1744173629E-02  0.2606323235E-02 -0.8761534180E-05
    5            0.2818529106E+01  0.4777626840E-02  0.7767938730E-02 -0.7077036158E-05  0.4171639560E-06  0.1964151089E-04  0.5263856135E-04 -0.1379254250E-05 -0.6167099337E-02 -0.6074987959E-04  0.1433938142E-02 -0.2722360060E-05  0.4538142358E-05  0.6294997199E-05  0.1551888491E-04 -0.3895290323E-04 -0.1214461672E-03  0.4709421835E-05 -0.1742493388E-02  0.7788755520E-03 -0.1836766071E-02 -0.3583754251E-02  0.1521675089E-04  0.1979739295E-05 -0.5870925927E-03  0.1490316583E-03  0.3201157862E-04  0.9977262451E+00  0.1014621638E+01  0.8035033656E+00  0.1004294146E+01  0.1223935054E+01  0.1256075514E+01  0.9941256542E+00  0.1000000050E+01  0.7670351668E+00  0.1271820234E+01  0.9597358915E+00  0.1000000000E+01  0.8417783183E+00  0.1221073947E+01  0.1029211076E+01  0.9783383091E+00  0.9757948424E+00  0.1000000000E+01  0.1000000000E+01  0.1018887976E+01  0.5718879803E+00  0.1000000000E+01  0.1062671776E+01  0.1000918638E+01  0.9456497571E+00  0.9456497571E+00  0.1000000000E+01  0.9990387127E+00  0.7434858014E+00  0.8761528004E+00  0.6044504292E+00  0.9789544264E+00  0.1000000000E+01  0.4841578617E+00  0.1000000000E+01  0.9908030430E+00  0.1033278158E+01  0.1000000000E+01  0.9269291136E+00  0.1000000000E+01  0.9256295536E+00  0.9607823714E+00  0.1000005139E+01 -0.3607030625E-02 -0.3735771677E-02 -0.8786092990E-03 -0.3247052645E-02  0.5486882419E-02  0.1087320231E-02  0.2522989308E-02  0.1923259745E-07 -0.1407529899E-01 -0.1590838575E-02 -0.8663085614E-03  0.1025492471E-14  0.2124453180E-02  0.1154510355E-02 -0.2100285332E-02 -0.1114297464E-01 -0.1057851707E-01  0.2065741833E-16  0.0000000000E+00  0.4245263926E-02  0.1307108227E-01 -0.2666440600E-15 -0.7229243308E-02  0.6985161171E-03  0.3194073208E-02  0.3194073208E-02  0.0000000000E+00  0.9612873401E-03 -0.8995934198E-02  0.2167499108E-01 -0.3663997572E-01 -0.4767717935E-03  0.0000000000E+00  0.4419953866E-02 -0.7155625480E-16 -0.3704294973E-02 -0.4597852354E-02  0.1116778071E-15  0.1162753210E-01 -0.1494604122E-14 -0.4372387575E-02  0.1304602965E-02 -0.5138866960E-05
    6            0.2815447120E+01  0.8786040997E-02  0.4970117959E-02  0.1440347271E-04  0.6957985343E-07 -0.2309160194E-05  0.1286864714E-04  0.2972214179E-05 -0.1806413437E-02 -0.3216920813E-04  0.2510417549E-04  0.1822831399E-04 -0.4049667857E-05 -0.7149235489E-04 -0.7062182517E-04  0.9855558053E-04  0.1178748899E-03  0.2046090820E-03 -0.2176690074E-02 -0.3033536147E-04 -0.2519276954E-02 -0.3201509004E-02 -0.1980431151E-04 -0.1363835623E-04 -0.1547227571E-03  0.3293316652E-04 -0.7262660832E-05  0.9941192145E+00  0.1010885867E+01  0.8026247563E+00  0.1001047094E+01  0.1229421937E+01  0.1257162834E+01  0.9966486435E+00  0.1000000069E+01  0.7529598679E+00  0.1270229395E+01  0.9588695829E+00  0.1000000000E+01  0.8439027715E+00  0.1222228458E+01  0.1027110791E+01  0.9671953344E+00  0.9652163253E+00  0.1000000000E+01  0.1000000000E+01  0.1023133240E+01  0.5849590626E+00  0.1000000000E+01  0.1055442533E+01  0.1001617154E+01  0.9488438303E+00  0.9488438303E+00  0.1000000000E+01  0.1000000000E+01  0.7344898672E+00  0.8978277914E+00  0.5678104534E+00  0.9784776547E+00  0.1000000000E+01  0.4885778156E+00  0.1000000000E+01  0.9870987481E+00  0.1028680305E+01  0.1000000000E+01  0.9385566457E+00  0.1000000000E+01  0.9212571661E+00  0.9620869743E+00  0.1000000000E+01 -0.1753841568E-01 -0.1729595313E-01 -0.2307968093E-02 -0.1217164275E-01  0.2283459265E-01 -0.1556167954E-02  0.8544856232E-02 -0.1937556812E-07 -0.5860211397E-01 -0.1095261874E-01 -0.4626086779E-02  0.1540104679E-14  0.9159187559E-02  0.1058892672E-02 -0.9901492002E-02 -0.5266192289E-01 -0.4971278595E-01  0.1315437698E-16  0.0000000000E+00  0.7888112892E-02  0.4240982448E-01  0.5470229832E-15 -0.2890481495E-01  0.3932718122E-02  0.1696785370E-01  0.1696785370E-01  0.0000000000E+00 -0.6047972842E-16 -0.3734108143E-01  0.9526910413E-01 -0.1639187369E+00 -0.1290817987E-02  0.0000000000E+00  0.2095612965E-01  0.1885747178E-15 -0.1739941206E-01 -0.1570507360E-01  0.9609246946E-15  0.5313538395E-01 -0.9190615901E-15 -0.2118381442E-01  0.5947563161E-02  0.0000000000E+00
    7            0.2807351230E+01  0.8165769129E-02  0.9283099116E-01  0.3223722624E-03 -0.3135599361E-04 -0.1391543635E-04  0.7879688015E-04  0.8648201190E-04 -0.4736444101E-02 -0.4795101341E-03 -0.1655565563E-02  0.3946901510E-03 -0.4973249006E-04 -0.1667448084E-02 -0.1629288202E-02  0.1646937675E-02  0.2925213296E-02  0.4218575632E-02 -0.4235286744E-01 -0.8040887795E-02 -0.4873520844E-01 -0.6568526464E-01 -0.4411879904E-03 -0.2194247555E-03 -0.2971777509E-02  0.4545400790E-03 -0.1840527966E-03  0.9765807988E+00  0.9935899136E+00  0.8003167882E+00  0.9888754509E+00  0.1252256529E+01  0.1255606666E+01  0.1005193500E+01  0.1000000050E+01  0.6943577539E+00  0.1259276777E+01  0.9542434962E+00  0.1000000000E+01  0.8530619591E+00  0.1223287350E+01  0.1017209299E+01  0.9145334115E+00  0.9155035394E+00  0.1000000000E+01  0.1000000000E+01  0.1031021352E+01  0.6273688870E+00  0.1000000000E+01  0.1026537718E+01  0.1005549872E+01  0.9658116840E+00  0.9658116840E+00  0.1000000000E+01  0.1000000000E+01  0.6971487858E+00  0.9930968956E+00  0.4038917165E+00  0.9771868367E+00  0.1000000000E+01  0.5095339453E+00  0.1000000000E+01  0.9696993360E+00  0.1012975232E+01  0.1000000000E+01  0.9916920296E+00  0.1000000000E+01  0.9000733516E+00  0.9680345375E+00  0.1000000000E+01  0.2628182007E-02  0.2211240110E-02  0.4485417686E-03  0.1315583752E-02 -0.1942939674E-02  0.1177259087E-02  0.1717200375E-15 -0.3956901747E-07  0.4658519470E-02  0.2479106530E-02 -0.1850721120E-02 -0.2108856499E-14  0.1865310780E-02  0.1059329474E-02 -0.1128479278E-02 -0.8565328935E-02 -0.9707345669E-02 -0.1385820808E-16  0.2280012726E-16  0.7164530320E-03 -0.2638047597E-02  0.5317262944E-16  0.7131432815E-02  0.3717050505E-02  0.7493837296E-02  0.7493837296E-02  0.0000000000E+00 -0.3401651258E-03 -0.4665513935E-02  0.6903104441E-02 -0.1738893437E-01  0.1177649764E-02  0.0000000000E+00 -0.1904984276E-02 -0.3308891710E-16 -0.3791004522E-02  0.1730229777E-02 -0.1283280949E-14  0.8307970362E-02  0.9118538308E-15 -0.6122610100E-02  0.3209667690E-02  0.0000000000E+00
    8            0.2808924624E+01  0.1840331842E-03  0.2905525853E-02  0.3549897798E-05 -0.1924709510E-05  0.2056493913E-05 -0.1311283046E-05  0.1944591436E-05 -0.1068002650E-03 -0.3990490329E-05 -0.7835951738E-04  0.5890783989E-05 -0.1365099841E-05 -0.4696404134E-04 -0.6628948553E-04  0.1742373439E-04 -0.3604981123E-04 -0.3306779278E-03  0.1460232044E-03  0.1475839621E-02  0.5266153100E-03 -0.2413718506E-02 -0.2092242833E-04 -0.3689460768E-05 -0.5683134781E-04  0.2084776644E-05 -0.2080580060E-04  0.9792089808E+00  0.9958011538E+00  0.8007653300E+00  0.9901910346E+00  0.1250313590E+01  0.1256783925E+01  0.1005193500E+01  0.1000000010E+01  0.6990162733E+00  0.1261755883E+01  0.9523927750E+00  0.1000000000E+01  0.8549272698E+00  0.1224346680E+01  0.1016080820E+01  0.9059680826E+00  0.9057961937E+00  0.1000000000E+01  0.1000000000E+01  0.1031737805E+01  0.6247308394E+00  0.1000000000E+01  0.1033669150E+01  0.1009266922E+01  0.9733055213E+00  0.9733055213E+00  0.1000000000E+01  0.9996598349E+00  0.6924832718E+00  0.1000000000E+01  0.3865027821E+00  0.9783644864E+00  0.1000000000E+01  0.5076289610E+00  0.1000000000E+01  0.9659083315E+00  0.1014705462E+01  0.1000000000E+01  0.1000000000E+01  0.1000000000E+01  0.8939507415E+00  0.9712442052E+00  0.1000000000E+01  0.4501453860E-03  0.3827253102E-03 -0.1847633525E-04  0.1262595777E-03 -0.3766180134E-03  0.3627083393E-03  0.2393003872E-15 -0.1003868322E-07  0.7152964305E-04  0.4241946576E-03 -0.1519306276E-02  0.3933230572E-15  0.9686024806E-03  0.2177266723E-03 -0.4946310727E-03 -0.6714243568E-02 -0.7047054548E-02 -0.1652607176E-16  0.1686491307E-15  0.4538126840E-03  0.1654101822E-04 -0.2947324540E-15  0.1007260087E-03 -0.1462995701E-02 -0.6594286771E-03 -0.6594286771E-03  0.8375060808E-15  0.3401651258E-03 -0.2738752519E-03  0.2144869725E-16  0.5561157679E-03 -0.3044697879E-03  0.0000000000E+00 -0.4028042334E-03 -0.4558445896E-16 -0.2621331133E-02  0.7299498699E-04  0.2220446049E-15  0.5724794828E-15  0.9885952834E-15 -0.4681601599E-02  0.2798559899E-02  0.0000000000E+00
    9            0.2808859813E+01  0.5260187396E-03  0.3823516437E-03  0.1124482525E-06 -0.5837388084E-07  0.8295831400E-07 -0.4834656064E-07  0.7469029817E-07 -0.3281414621E-03 -0.2682038835E-07 -0.1887785395E-03  0.1848446405E-06  0.1184338538E-07 -0.3293616158E-04 -0.3722263016E-04  0.3406808964E-06  0.1804874965E-05  0.1865121081E-05 -0.2705553388E-05  0.6057774326E-05  0.1351685639E-06 -0.3327532590E-05 -0.9876021109E-05 -0.8586944733E-07 -0.1624561689E-06 -0.9069845319E-08 -0.1577064277E-04  0.9796591262E+00  0.9961838791E+00  0.8007468536E+00  0.9903172942E+00  0.1249936972E+01  0.1257146634E+01  0.1005193500E+01  0.1000000000E+01  0.6990878030E+00  0.1262180078E+01  0.9508734688E+00  0.1000000000E+01  0.8558958723E+00  0.1224564406E+01  0.1015586189E+01  0.8992538390E+00  0.8987491392E+00  0.1000000000E+01  0.1000000000E+01  0.1032191618E+01  0.6247473805E+00  0.1000000000E+01  0.1033769876E+01  0.1007803927E+01  0.9726460926E+00  0.9726460926E+00  0.1000000000E+01  0.1000000000E+01  0.6922093966E+00  0.1000000000E+01  0.3870588979E+00  0.9780600166E+00  0.1000000000E+01  0.5072261568E+00  0.1000000000E+01  0.9632870004E+00  0.1014778457E+01  0.1000000000E+01  0.1000000000E+01  0.1000000000E+01  0.8892691399E+00  0.9740427651E+00  0.1000000000E+01  0.2207070096E-02  0.1883362970E-02 -0.1084612849E-03  0.5959939240E-03 -0.1889233775E-02  0.1803514362E-02 -0.5481824069E-15 -0.1097752648E-19  0.5013596786E-03  0.2050986488E-02 -0.6980772917E-02  0.7385098629E-15  0.4475369932E-02  0.1059333803E-02 -0.2493590812E-02 -0.3152949738E-01 -0.3315926092E-01 -0.6870609320E-17 -0.1617968207E-15  0.2301354503E-02  0.2148215702E-03 -0.6996500255E-16 -0.6174085948E-03 -0.8707898913E-04  0.4462686237E-03  0.4462686237E-03 -0.3953531494E-15 -0.1988183902E-03 -0.1563804447E-02  0.5687352375E-15  0.2179178408E-02 -0.1654593144E-03  0.0000000000E+00 -0.1931632707E-02  0.8831870778E-16 -0.1232992083E-01  0.3020163370E-03  0.0000000000E+00 -0.7496027734E-15 -0.6465962674E-15 -0.2189798905E-01  0.1291843010E-01  0.0000000000E+00
   10            0.2808479353E+01  0.1531681699E-02  0.2278393815E-02  0.2752819420E-05 -0.1394051647E-05  0.1986003231E-05 -0.1167332120E-05  0.1800995195E-05 -0.1712047974E-02  0.4316279785E-06 -0.9028353544E-03  0.4499495940E-05  0.3235005839E-06 -0.7472870018E-03 -0.8467599587E-03  0.7305466180E-05  0.8856466260E-05  0.6339978614E-05  0.1403858236E-05  0.2156615059E-04  0.2341482631E-05  0.2388126165E-05 -0.2178892799E-03 -0.2030583999E-05 -0.4600210958E-05 -0.1238873053E-05 -0.3481762763E-03  0.9818661963E+00  0.9980672420E+00  0.8006383923E+00  0.9909132881E+00  0.1248047738E+01  0.1258950148E+01  0.1005193500E+01  0.1000000000E+01  0.6995891627E+00  0.1264231064E+01  0.9438926958E+00  0.1000000000E+01  0.8603712423E+00  0.1225623740E+01  0.1013092598E+01  0.8677243417E+00  0.8655898783E+00  0.1000000000E+01  0.1000000000E+01  0.1034492973E+01  0.6249622020E+00  0.1000000000E+01  0.1033152468E+01  0.1007716848E+01  0.9730923612E+00  0.9730923612E+00  0.1000000000E+01  0.9998011816E+00  0.6906455921E+00  0.1000000000E+01  0.3892380763E+00  0.9778945573E+00  0.1000000000E+01  0.5052945241E+00  0.1000000000E+01  0.9509570795E+00  0.1015080473E+01  0.1000000000E+01  0.1000000000E+01  0.1000000000E+01  0.8673711509E+00  0.9869611952E+00  0.1000000000E+01  0.6209161852E-02  0.5283839423E-02 -0.1366148113E-03  0.1819583203E-02 -0.5335091629E-02  0.4806607182E-02  0.1956815150E-15  0.2605560783E-20  0.1589079520E-02  0.5775778079E-02 -0.1480086550E-01  0.6006393560E-15  0.1141091890E-01  0.2909340435E-02 -0.9837055537E-02 -0.7320331151E-01 -0.7702216886E-01  0.1195159423E-17 -0.2616788888E-17  0.5800666883E-02 -0.6609914568E-03  0.4620872731E-15 -0.1701243940E-02  0.1658808181E-03  0.1250756608E-02  0.1250756608E-02 -0.3282483137E-15  0.9916754049E-04 -0.4117833391E-02 -0.9546972117E-15  0.6537477786E-02 -0.3762981985E-03  0.0000000000E+00 -0.5108696485E-02  0.6754417533E-16 -0.3005674420E-01  0.1211072913E-02  0.3122452429E-16  0.1324959283E-14  0.4275267861E-15 -0.3907292129E-01  0.1303880481E-01  0.0000000000E+00
   11            0.2808000135E+01  0.3146456845E-02  0.1478678924E-01  0.2218463401E-04 -0.1090108196E-04  0.1455981800E-04 -0.9996992676E-05  0.1363921646E-04 -0.5073957799E-02  0.4461016648E-05 -0.2151163034E-02  0.3555659512E-04  0.1366855310E-05 -0.8721777061E-02 -0.9581734211E-02  0.6964950661E-04  0.2683441656E-04 -0.1411617076E-05  0.8294820093E-05  0.4690988524E-04  0.1709521851E-04  0.1379923655E-04 -0.3396297168E-02 -0.1568759049E-04 -0.3503616387E-04 -0.1154342071E-04 -0.2974961975E-02  0.9880753581E+00  0.1003351081E+01  0.8005017775E+00  0.9927328713E+00  0.1242712646E+01  0.1263756755E+01  0.1005193500E+01  0.1000000000E+01  0.7011782422E+00  0.1270006842E+01  0.9290918303E+00  0.1000000000E+01  0.8717821611E+00  0.1228533081E+01  0.1003255542E+01  0.7945210301E+00  0.7885677094E+00  0.1000000000E+01  0.1000000000E+01  0.1040293639E+01  0.6243012106E+00  0.1000000000E+01  0.1031451224E+01  0.1007882728E+01  0.9743431178E+00  0.9743431178E+00  0.1000000000E+01  0.9999003492E+00  0.6865277588E+00  0.1000000000E+01  0.3957755541E+00  0.9775182591E+00  0.1000000000E+01  0.5001858276E+00  0.1000000000E+01  0.9209003353E+00  0.1016291546E+01  0.1000000000E+01  0.1000000000E+01  0.1000000000E+01  0.8282982296E+00  0.1000000000E+01  0.1000000000E+01  0.2104317624E-01  0.1785029725E-01 -0.3109287206E-03  0.6327188473E-02 -0.1770970692E-01  0.1611181826E-01 -0.1028803322E-14  0.6236336740E-08  0.5540484621E-02  0.1982788581E-01 -0.3589826539E-01 -0.1216243925E-14  0.3472777282E-01  0.9911624415E-02 -0.4138117859E-01 -0.1783760220E+00 -0.1865601970E+00  0.1167603546E-17  0.7101984382E-16  0.1884089330E-01 -0.3810373301E-02 -0.2219159582E-16 -0.5484042059E-02  0.3974482365E-03  0.4174148061E-02  0.4174148061E-02  0.2356277349E-15  0.9965084970E-04 -0.1349919651E-01 -0.4556596737E-15  0.2245391854E-01 -0.1268793969E-02  0.0000000000E+00 -0.1761888412E-01 -0.2487055678E-15 -0.7429466333E-01  0.4588740423E-02 -0.2282040311E-16 -0.5832688705E-15 -0.1917559857E-14 -0.8103353693E-01  0.3492870023E-15  0.0000000000E+00
   12            0.2806909459E+01  0.1274714136E-01  0.5630010646E-01  0.2496285546E-03 -0.1178685437E-03  0.1551180031E-03 -0.1138181692E-03  0.1498846211E-03 -0.2316311970E-01  0.5019373114E-04 -0.5341822259E-02  0.3957393162E-03  0.1120843713E-04 -0.3286684393E-01 -0.3786472108E-01  0.8105532988E-03  0.1099027814E-03 -0.2204296811E-03  0.7716346597E-04  0.1292400638E-02  0.1873225622E-03  0.1276055635E-03 -0.9100371652E-02 -0.1694682740E-03 -0.3920568398E-03 -0.1314392814E-03 -0.2216657909E-02  0.1009118534E+01  0.1021201379E+01  0.8001908488E+00  0.9990600598E+00  0.1225002939E+01  0.1279868574E+01  0.1005193500E+01  0.1000000006E+01  0.7067187268E+00  0.1289834728E+01  0.8931935650E+00  0.1000000000E+01  0.9065099340E+00  0.1238444705E+01  0.9618743637E+00  0.6161450082E+00  0.6020075124E+00  0.1000000000E+01  0.1000000000E+01  0.1059134533E+01  0.6204908373E+00  0.1000000000E+01  0.1025967182E+01  0.1008280177E+01  0.9785172659E+00  0.9785172659E+00  0.1000000000E+01  0.1000000000E+01  0.6730285622E+00  0.1000000000E+01  0.4182294726E+00  0.9762494652E+00  0.1000000000E+01  0.4825669434E+00  0.1000000000E+01  0.8466056720E+00  0.1020880286E+01  0.1000000000E+01  0.1000000000E+01  0.1000000000E+01  0.7472646927E+00  0.1000000000E+01  0.1000000000E+01  0.7100590760E-01  0.6018397859E-01 -0.1531105088E-02  0.2217403844E-01 -0.5617152027E-01  0.5452423961E-01 -0.1569627309E-02  0.1142956061E-06  0.1851570291E-01  0.6906445376E-01 -0.1039207778E+00  0.3092137657E-15  0.1112211566E+00  0.3360424460E-01 -0.1313216933E+00 -0.4035648782E+00 -0.4101329938E+00 -0.4430708768E-16 -0.8898049398E-16  0.6043443625E-01 -0.1835033869E-01 -0.3848259925E-15 -0.1544358449E-01  0.1064238186E-02  0.1070994917E-01  0.1070994917E-01 -0.7351964523E-15 -0.3457762505E-15 -0.4061327675E-01  0.1424486893E-14  0.7401752972E-01 -0.3933049985E-02  0.0000000000E+00 -0.7019173120E-01  0.8301455004E-15 -0.1805379830E+00  0.1758160160E-01  0.1400031722E-15 -0.3734688735E-02  0.9121739951E-15 -0.2403983188E+00 -0.2220446049E-15  0.0000000000E+00
   13            0.2801538649E+01  0.4397100585E-01  0.5479345733E+00  0.2686944294E-02 -0.1041485766E-02  0.1411310678E-02 -0.1149892404E-02  0.1541586750E-02 -0.1406749083E+00  0.1773103767E-03 -0.1467816869E-01  0.4105101347E-02  0.1451985574E-03 -0.3497111692E+00 -0.3908411647E+00  0.8420439733E-02  0.6797010793E-03 -0.2141218950E-02  0.9385286915E-03  0.7835841599E-03  0.1891287078E-02  0.1598531140E-02 -0.6226451920E-01 -0.1666690068E-02 -0.3874444542E-02 -0.9880804956E-03 -0.3409673613E-01  0.1080124442E+01  0.1081385357E+01  0.7986597437E+00  0.1021234098E+01  0.1168831419E+01  0.1334392813E+01  0.1003623872E+01  0.1000000121E+01  0.7252344297E+00  0.1358899182E+01  0.7892727871E+00  0.1000000000E+01  0.1017731091E+01  0.1272048950E+01  0.8305526704E+00  0.2125801299E+00  0.1918745186E+00  0.1000000000E+01  0.1000000000E+01  0.1119568969E+01  0.6021404986E+00  0.1000000000E+01  0.1010523597E+01  0.1009344415E+01  0.9892272151E+00  0.9892272151E+00  0.1000000000E+01  0.1000000000E+01  0.6324152855E+00  0.1000000000E+01  0.4922470024E+00  0.9723164152E+00  0.1000000000E+01  0.4123752122E+00  0.1000000000E+01  0.6660676890E+00  0.1038461888E+01  0.1000000000E+01  0.9962653113E+00  0.1000000000E+01  0.5068663739E+00  0.1000000000E+01  0.1000000000E+01  0.1022971561E+00  0.8397864395E-01  0.1171955913E-02  0.3665994111E-01 -0.6057463497E-01  0.7556520286E-01 -0.2722600391E-02  0.2759873965E-06  0.2865959163E-01  0.1125397509E+00 -0.5550362785E-01  0.1481832677E-15  0.1342632010E+00  0.5238327673E-01 -0.1626951042E+00 -0.1266409465E-01  0.5775251269E-02  0.0000000000E+00  0.3169974341E-16  0.6510845266E-01 -0.6229730052E-01  0.4789911769E-16 -0.1098608163E-01  0.1187928350E-02  0.1217781864E-01  0.1217781864E-01  0.1074319714E-15  0.6997760399E-15 -0.4402037032E-01 -0.1406465720E-14  0.1095059321E+00 -0.4816987021E-02  0.0000000000E+00 -0.1316903598E+00 -0.1131174216E-14 -0.5033816658E-01  0.4054542915E-01 -0.6475891040E-15 -0.1817150986E-02 -0.6466520363E-15 -0.1006697816E+00 -0.1420832294E+00  0.0000000000E+00
   14            0.2805649636E+01  0.3125582327E-01  0.2867083763E+00  0.4017949374E-02 -0.1373411292E-02  0.1836840135E-02 -0.2198940853E-02  0.2433742198E-02 -0.1938520525E+00 -0.7899622576E-03  0.5081142347E-02  0.6221398935E-02 -0.4966509546E-04  0.1302334504E+00  0.1625957961E+00  0.1821226316E-01  0.6430897554E-03 -0.2857077931E-02  0.5349321653E-03  0.1151648546E-02  0.2685675757E-02  0.6666666667E-03 -0.1867805588E-01 -0.2782292810E-02 -0.6187050208E-02 -0.9024133219E-03  0.1955453242E-01  0.1182421598E+01  0.1165364001E+01  0.7998316996E+00  0.1057894039E+01  0.1108256784E+01  0.1409958016E+01  0.1000901272E+01  0.1000000397E+01  0.7538940213E+00  0.1471438933E+01  0.7337691593E+00  0.1000000000E+01  0.1151994292E+01  0.1324432226E+01  0.6678575661E+00  0.1999160353E+00  0.1976497698E+00  0.1000000000E+01  0.1000000000E+01  0.1184677422E+01  0.5398431981E+00  0.1000000000E+01  0.9995375158E+00  0.1010532343E+01  0.1001405034E+01  0.1001405034E+01  0.1000000000E+01  0.1000000000E+01  0.5883949152E+00  0.1000000000E+01  0.6017529344E+00  0.9674994282E+00  0.1000000000E+01  0.2806848524E+00  0.1000000000E+01  0.6157295224E+00  0.1079007317E+01  0.1000000000E+01  0.9944481603E+00  0.1000000000E+01  0.4061965922E+00  0.8579167706E+00  0.1000000000E+01  0.4480525267E-02  0.9029516163E-03 -0.2454610079E-02 -0.2603539222E-02  0.1040050292E-01  0.1328695431E-01  0.4292227700E-02  0.1799087678E-06 -0.4328380346E-02  0.1505979829E-01  0.1298696804E-01  0.2984224140E-15 -0.4907433890E-02  0.1055153576E-01  0.2604555079E-01  0.5019332174E-15 -0.7940266003E-02 -0.4606333922E-02  0.1626775539E-15  0.1699849114E-01  0.2031839087E-01 -0.9540402975E-16  0.1629439832E-02 -0.3573342392E-04 -0.7198054005E-03 -0.7198054005E-03  0.2713436798E-15 -0.3950435689E-03 -0.5217917596E-02  0.1240352161E-14 -0.7915102664E-02 -0.8997758674E-03  0.0000000000E+00 -0.2201977905E-01  0.4440892099E-15  0.2225885940E-01 -0.3671291406E-02  0.1144865415E-14  0.5551839721E-02 -0.1423541293E-14  0.2807339297E-01 -0.2286080860E-02  0.0000000000E+00
   15            0.2797039355E+01  0.7687044773E-02  0.1420606239E-01  0.3220981257E-05  0.6834708204E-06  0.4554515431E-04  0.4693231434E-04 -0.3959573356E-06 -0.2983101940E-02 -0.9910429945E-04  0.4062381147E-02  0.4097466824E-04  0.2516970796E-05  0.7976912328E-02  0.1055598922E-01  0.5350572064E-03  0.9247258674E-05  0.2826282019E-04 -0.9370620913E-04 -0.2939251563E-04 -0.7645747261E-04 -0.1903129790E-03 -0.8843127575E-03 -0.2063965043E-04 -0.5180539110E-04  0.1219911950E-03 -0.4423308185E-03  0.1186902123E+01  0.1166266953E+01  0.7973770895E+00  0.1055290500E+01  0.1118657287E+01  0.1423244970E+01  0.1005193500E+01  0.1000000576E+01  0.7495656410E+00  0.1486498731E+01  0.7467561273E+00  0.1000000000E+01  0.1147086858E+01  0.1334983762E+01  0.6939031169E+00  0.1999160353E+00  0.1897095038E+00  0.9953936661E+00  0.1000000000E+01  0.1201675913E+01  0.5601615889E+00  0.1000000000E+01  0.1001166956E+01  0.1010496610E+01  0.1000685228E+01  0.1000685228E+01  0.1000000000E+01  0.9996049564E+00  0.5831769976E+00  0.1000000000E+01  0.5938378317E+00  0.9665996523E+00  0.1000000000E+01  0.2586650734E+00  0.1000000000E+01  0.6379883818E+00  0.1075336026E+01  0.1000000000E+01  0.1000000000E+01  0.1000000000E+01  0.4342699852E+00  0.8556306897E+00  0.1000000000E+01  0.3310478413E-02  0.2688046019E-02 -0.1060560401E-02  0.1729061589E-03 -0.1089477728E-02  0.4677684450E-02  0.8301739721E-15  0.8827433206E-07 -0.4167825864E-03  0.4347664758E-02 -0.1196227675E-01 -0.1985062134E-14  0.5504501902E-02  0.2498751783E-02  0.8512614039E-02 -0.4237039322E-15 -0.6278256230E-02 -0.1436844981E-01  0.6678410681E-17  0.6463793347E-02  0.5182802512E-02  0.9229621800E-16 -0.6285628360E-03  0.2344198465E-03  0.4062930447E-03  0.4062930447E-03 -0.1127836579E-14  0.2740988126E-03 -0.2668404309E-02 -0.4440892099E-15  0.3083437253E-03 -0.2911190110E-03  0.0000000000E+00 -0.7137187916E-02  0.0000000000E+00 -0.2802758472E-02 -0.9216834380E-03 -0.6335802121E-15 -0.6389322665E-16  0.1470007459E-14 -0.2996643605E-02 -0.9533249182E-02  0.0000000000E+00
   16            0.2793319121E+01  0.2275497396E-02  0.3864511176E-02 -0.1645307746E-06 -0.7753061486E-06  0.6030307300E-05  0.3518628876E-05  0.3137601199E-05 -0.3817046079E-02 -0.2673954705E-05  0.2309515595E-03  0.3464876946E-05  0.3099550920E-05  0.3528714804E-03 -0.1208339512E-03 -0.1661818217E-04  0.1486790205E-04  0.1668936915E-04  0.6601319804E-05  0.1947641355E-04  0.3017194530E-05  0.1499991571E-04  0.3082330584E-04 -0.1637920605E-05 -0.1033261011E-04  0.4755976431E-05  0.4117586926E-03  0.1190212602E+01  0.1168954999E+01  0.7963165291E+00  0.1055463406E+01  0.1117567809E+01  0.1427922655E+01  0.1005193500E+01  0.1000000665E+01  0.7491488584E+00  0.1490846396E+01  0.7347938506E+00  0.1000000000E+01  0.1152591360E+01  0.1337482514E+01  0.7024157310E+00  0.1999160353E+00  0.1834312476E+00  0.9810252163E+00  0.1000000000E+01  0.1208139706E+01  0.5653443914E+00  0.1000000000E+01  0.1000538393E+01  0.1010731030E+01  0.1001091521E+01  0.1001091521E+01  0.1000000000E+01  0.9998790552E+00  0.5805085933E+00  0.1000000000E+01  0.5941461755E+00  0.9663085333E+00  0.1000000000E+01  0.2515278855E+00  0.1000000000E+01  0.6351856234E+00  0.1074414342E+01  0.1000000000E+01  0.1000000000E+01  0.1000000000E+01  0.4312733416E+00  0.8460974405E+00  0.1000000000E+01  0.1797647343E-01  0.1427942284E-01 -0.5718992409E-03  0.5536644283E-02 -0.8134351016E-02  0.1546068385E-01 -0.4317240462E-16  0.2547740620E-06  0.8250597682E-02  0.2179586342E-01 -0.4731921184E-01  0.1759648283E-14  0.2934098970E-01  0.1063671095E-01  0.2450921658E-01  0.5709343369E-15 -0.1881559550E-01 -0.4831000002E-01 -0.7153152104E-16  0.1507141045E-01 -0.4691268579E-02  0.5164775690E-17  0.1592820061E-02 -0.4830032807E-03 -0.2467421521E-03 -0.2467421521E-03  0.1323395778E-14  0.1209447564E-03 -0.3960835652E-02 -0.1158499299E-01  0.3545940568E-01 -0.9419351015E-03  0.0000000000E+00 -0.2811474085E-01 -0.5083209230E-15 -0.1464214070E-01  0.5703077017E-02  0.6913411603E-16 -0.6717711089E-02 -0.4788928468E-15 -0.1494811449E-01 -0.3882068305E-01  0.0000000000E+00
   17            0.2791313013E+01  0.1560560780E-01  0.2388870134E-01  0.8290063191E-04 -0.2785486974E-04  0.5300051054E-04 -0.5527123239E-04  0.6451171894E-04 -0.2284261230E-01 -0.2220633051E-04  0.9288737492E-03  0.1390600916E-03  0.9860786138E-05  0.3785018188E-02 -0.1979165879E-02  0.3253330731E-03  0.1086785340E-03  0.1888696133E-04 -0.2583929181E-03  0.3099974909E-02 -0.3281571340E-03 -0.3664232062E-03 -0.1853662262E-03 -0.6149839401E-04 -0.1377546993E-03 -0.1620027306E-04  0.4432526489E-02  0.1208189075E+01  0.1183234422E+01  0.7957446299E+00  0.1061000051E+01  0.1109433458E+01  0.1443383339E+01  0.1005193500E+01  0.1000000919E+01  0.7573994561E+00  0.1512642259E+01  0.6874746387E+00  0.1000000000E+01  0.1181932349E+01  0.1348119225E+01  0.7269249475E+00  0.1999160353E+00  0.1646156521E+00  0.9327152163E+00  0.1000000000E+01  0.1223211117E+01  0.5606531229E+00  0.1000000000E+01  0.1002131213E+01  0.1010248026E+01  0.1000844779E+01  0.1000844779E+01  0.1000000000E+01  0.1000000000E+01  0.5765477576E+00  0.9884150070E+00  0.6296055812E+00  0.9653665982E+00  0.1000000000E+01  0.2234131446E+00  0.1000000000E+01  0.6205434827E+00  0.1080117419E+01  0.1000000000E+01  0.9932822889E+00  0.1000000000E+01  0.4163252271E+00  0.8072767575E+00  0.1000000000E+01  0.1164440062E+00  0.9201648509E-01 -0.3682684650E-02  0.3592701724E-01 -0.5018530276E-01  0.1005201763E+00  0.4439898512E-15  0.1564247617E-05  0.5903618193E-01  0.1431391949E+00 -0.2717433674E+00 -0.1222051781E-14  0.1754034619E+00  0.6957464188E-01  0.1548178461E+00 -0.4581193276E-15 -0.9729305249E-01 -0.2780538645E+00  0.4725605227E-16  0.9778470569E-01 -0.2947546502E-01 -0.1726693073E-15  0.1623579595E-01 -0.4289555691E-02 -0.6411255640E-02 -0.6411255640E-02 -0.9116088954E-15  0.1910515101E-16 -0.1951684076E-01 -0.8832086275E-01  0.2492344469E+00 -0.5837250640E-02  0.0000000000E+00 -0.1873862560E+00 -0.1628329519E-15 -0.7861422820E-01  0.3760421968E-01  0.3386481164E-15 -0.5164955594E-01  0.2640966110E-14 -0.8345946788E-01 -0.2363243995E+00  0.0000000000E+00
   18            0.2778394892E+01  0.3325659106E-01  0.6297915809E+00  0.3230013171E-02 -0.8272049521E-03  0.1815850790E-02 -0.2030566450E-02  0.2402635834E-02 -0.5502848081E+00 -0.1373510552E-02 -0.2453042272E-02  0.5257594497E-02  0.3701171126E-03  0.1596862115E+00 -0.1478970882E+00  0.1190380078E-01  0.2249859068E-02  0.3790015152E-03 -0.1670865467E-01  0.6962722914E-02 -0.2023205668E-01 -0.2463202127E-01 -0.2491449038E-01 -0.2268946770E-02 -0.5482714484E-02 -0.4416811191E-04  0.2103431900E+00  0.1324633081E+01  0.1275250907E+01  0.7920619453E+00  0.1096927068E+01  0.1059248155E+01  0.1543903515E+01  0.1005193500E+01  0.1000002484E+01  0.8164356380E+00  0.1655781454E+01  0.4157312713E+00  0.1000000000E+01  0.1357335811E+01  0.1417693867E+01  0.8817427936E+00  0.1999160353E+00  0.6732259962E-01  0.6546613518E+00  0.1000000000E+01  0.1320995822E+01  0.5311776578E+00  0.1000000000E+01  0.1018367009E+01  0.1005958471E+01  0.9944335236E+00  0.9944335236E+00  0.1000000000E+01  0.1000000000E+01  0.5570309169E+00  0.9000941443E+00  0.8788400280E+00  0.9595293475E+00  0.1000000000E+01  0.3602688862E-01  0.1000000000E+01  0.5419292545E+00  0.1117721639E+01  0.1000000000E+01  0.9416327330E+00  0.1000000000E+01  0.3328657592E+00  0.5709523580E+00  0.1000000000E+01  0.7039053668E-02  0.3904420301E-02  0.2012939370E-02  0.4235186317E-02  0.3240886852E-02  0.2816444163E-02 -0.1171015132E-14 -0.1656184366E-06 -0.1354791551E-01  0.1360553015E-01  0.7203259711E-01  0.8802921435E-16 -0.2504538523E-03  0.4819068214E-02 -0.2027434177E-01  0.8876105663E-16  0.2519754322E-01  0.4278598770E-01  0.7532569073E-16  0.3859298706E-03 -0.7318840995E-02  0.4557683959E-15 -0.8952822248E-02  0.3011198870E-02  0.6797306186E-02  0.6797306186E-02  0.9137885103E-15 -0.5683512573E-15 -0.1394054540E-01  0.3982068220E-01 -0.5742071543E-01 -0.1095022927E-03  0.0000000000E+00 -0.2270510083E-01  0.1071578301E-14  0.3016573155E-01  0.8310512174E-02 -0.4827545534E-15  0.3053159613E-01 -0.1398345851E-14  0.3155941193E-01  0.1644242666E-02  0.0000000000E+00
   19            0.2785455880E+01  0.3260565991E-01  0.5667848961E-01  0.6133581588E-05 -0.4296682540E-05  0.8170729863E-05 -0.1243732915E-04  0.9743080227E-05  0.2562503926E-02 -0.2563374444E-04  0.1848737814E-01  0.2609649973E-04 -0.5527237361E-05  0.2140949007E-01 -0.3585075019E-01 -0.1197198003E-03  0.2655922965E-03  0.5533219268E-03 -0.5060594132E-02 -0.1912933910E-02 -0.5359279008E-02 -0.8093301631E-02 -0.6923094413E-03 -0.2198922600E-04 -0.8272748283E-03  0.1044620346E-04  0.3155011371E-01  0.1331672135E+01  0.1279155327E+01  0.7940748846E+00  0.1101162254E+01  0.1062489042E+01  0.1546719959E+01  0.1005193500E+01  0.1000002318E+01  0.8028877225E+00  0.1669386984E+01  0.4877638684E+00  0.1000000000E+01  0.1357085357E+01  0.1422512935E+01  0.8614684518E+00  0.1999160353E+00  0.9252014284E-01  0.6974473395E+00  0.1000000000E+01  0.1321381752E+01  0.5238588168E+00  0.1000000000E+01  0.1009414187E+01  0.1008969670E+01  0.1001230830E+01  0.1001230830E+01  0.1000000000E+01  0.1000000000E+01  0.5430903715E+00  0.9399148265E+00  0.8214193126E+00  0.9594198452E+00  0.1000000000E+01  0.1332178778E-01  0.1000000000E+01  0.5720949860E+00  0.1126032151E+01  0.1000000000E+01  0.9721643291E+00  0.1000000000E+01  0.3644251712E+00  0.5725966007E+00  0.1000000000E+01 -0.4994494253E-02 -0.3495332225E-02 -0.4821030224E-02 -0.6193147442E-02  0.3467094966E-02  0.5721103251E-02  0.4683847097E-15  0.1623076150E-06 -0.3188128564E-01 -0.4391822808E-02 -0.1718728752E-01 -0.2006049415E-15  0.8869403132E-02 -0.2026316559E-03  0.2647948784E-01  0.3413771918E-16  0.9989119176E-04 -0.2375310900E-01  0.2092767810E-16  0.1338483395E-01  0.2576815361E-01 -0.1725577822E-15 -0.1995435431E-01  0.3285393064E-02  0.1005363561E-01  0.1005363561E-01 -0.7236506573E-15  0.3171847363E-15 -0.1936667421E-01  0.6008517353E-01 -0.1158882506E+00 -0.4949477440E-03  0.0000000000E+00 -0.6148471174E-15 -0.4701858619E-15  0.9891901191E-04 -0.1210278765E-01 -0.1282012216E-15  0.2783567090E-01 -0.5912166396E-15 -0.1148843012E-01 -0.2159912584E-01  0.0000000000E+00
   20            0.2768544670E+01  0.1086904992E-02  0.3267583534E-01 -0.1598015871E-04  0.5947729557E-05  0.2472705958E-04  0.7747844479E-04 -0.2156929349E-05 -0.1204525626E-01 -0.1033376044E-03  0.7391447121E-04  0.6164360685E-05 -0.1663695470E-04  0.1848793919E-02  0.2699400140E-02 -0.1099058054E-03  0.6242233728E-03  0.1798351386E-02 -0.1398351673E-01 -0.1455961585E-02 -0.1519542245E-01 -0.2178360007E-01  0.2749464147E-03 -0.3641065900E-04 -0.1038672902E-02  0.1181956123E-03  0.2000913836E-02  0.1326677641E+01  0.1275659995E+01  0.7892538544E+00  0.1094969107E+01  0.1065956137E+01  0.1552441062E+01  0.1005193500E+01  0.1000002480E+01  0.7710064369E+00  0.1664995162E+01  0.4705765809E+00  0.1000000000E+01  0.1365954761E+01  0.1422310303E+01  0.8879479397E+00  0.1999160353E+00  0.9262003403E-01  0.6736942305E+00  0.1000000000E+01  0.1334766586E+01  0.5496269705E+00  0.1000000000E+01  0.9894598322E+00  0.1012255063E+01  0.1011284465E+01  0.1011284465E+01  0.1000000000E+01  0.1000000000E+01  0.5237236973E+00  0.1000000000E+01  0.7055310620E+00  0.9589248975E+00  0.1000000000E+01  0.1332178778E-01  0.1000000000E+01  0.5721939050E+00  0.1113929363E+01  0.1000000000E+01  0.1000000000E+01  0.1000000000E+01  0.3529367410E+00  0.5509974748E+00  0.1000000000E+01  0.8075658150E-05  0.1592715680E-05  0.4539273430E-04  0.4939157750E-04 -0.4276219819E-05 -0.4986099610E-04  0.1372236230E-15 -0.9536802010E-08  0.1983664970E-02 -0.4734666768E-04  0.2736762104E-02  0.6937816641E-15 -0.1995108956E-02 -0.1410463658E-04 -0.2286990139E-02 -0.2086008449E-15  0.9846519012E-03  0.4856134204E-02  0.1675933426E-16  0.1648264702E-05 -0.5158531021E-04  0.2064221314E-15  0.7181421784E-03  0.5326173239E-03  0.5556068032E-03  0.5556068032E-03  0.3363473996E-15 -0.9691377475E-16  0.5925041794E-03  0.0000000000E+00 -0.2896416953E-02  0.3220579189E-03  0.0000000000E+00  0.4111294638E-15  0.7508533707E-15  0.2626687625E-03  0.9980299587E-04  0.6938334025E-15  0.1217940103E-15  0.1502733932E-14  0.2697105432E-02  0.2549641488E-02  0.0000000000E+00
   21            0.2768703899E+01  0.2183350906E-03  0.7702359862E-03 -0.2113951125E-08  0.1509337544E-08  0.2510640584E-08  0.1228763669E-07  0.2154715739E-08  0.6791299244E-03 -0.2479112404E-07  0.1255727280E-03 -0.9102855136E-09  0.2701857627E-08  0.2352427946E-04 -0.1016753579E-04  0.9720636962E-08 -0.6943943550E-05 -0.6073673625E-05 -0.1600213164E-04 -0.1618499877E-04  0.3217826404E-05 -0.3369650299E-03  0.3414609238E-05 -0.1357065793E-08 -0.9284613878E-07  0.2744888916E-07  0.3808088488E-04  0.1326685716E+01  0.1275661588E+01  0.7892992471E+00  0.1095018498E+01  0.1065951861E+01  0.1552391201E+01  0.1005193500E+01  0.1000002471E+01  0.7729901018E+00  0.1664947815E+01  0.4733133430E+00  0.1000000000E+01  0.1363959652E+01  0.1422296199E+01  0.8856609495E+00  0.1999160353E+00  0.9360468593E-01  0.6785503647E+00  0.1000000000E+01  0.1334768234E+01  0.5495753851E+00  0.1000000000E+01  0.9901779744E+00  0.1012787680E+01  0.1011840072E+01  0.1011840072E+01  0.1000000000E+01  0.1000000000E+01  0.5243162014E+00  0.1000000000E+01  0.7026346450E+00  0.9592469554E+00  0.1000000000E+01  0.1332178778E-01  0.1000000000E+01  0.5724565738E+00  0.1114029166E+01  0.1000000000E+01  0.1000000000E+01  0.1000000000E+01  0.3556338465E+00  0.5535471163E+00  0.1000000000E+01 -0.3312316678E-04 -0.2314648743E-04 -0.3173960416E-04 -0.4080937375E-04  0.2293996338E-04  0.3795001706E-04 -0.1013837780E-14  0.5439174209E-08 -0.3588854028E-04 -0.2990250084E-04 -0.1252307410E-02  0.7086328052E-15  0.2597452484E-03 -0.1363125936E-05  0.9650030750E-03 -0.5335207319E-15  0.4983982906E-03  0.1877847868E-02 -0.2889727303E-16  0.8974539088E-04  0.1722799237E-03 -0.1511397008E-15 -0.7389017669E-05 -0.1979188730E-03  0.5963473990E-05  0.5963473990E-05  0.3036546709E-17  0.1535499809E-15 -0.2711940155E-04  0.0000000000E+00 -0.1061419744E-03 -0.4059977146E-04  0.0000000000E+00 -0.4867237256E-15 -0.5611504773E-15 -0.1867284788E-03 -0.7980534185E-04 -0.5452806123E-15 -0.3193378504E-15  0.6825311422E-16  0.1467408715E-02  0.4646620912E-03  0.0000000000E+00
   22            0.2768592563E+01  0.3107279067E-04  0.9441086707E-05 -0.4991116409E-09 -0.2619899853E-09  0.1057100407E-08  0.1027583574E-08 -0.1226548862E-09 -0.4429604452E-05  0.2939714583E-08 -0.4429900085E-05  0.5420761617E-09 -0.7778194755E-09  0.4173968675E-05 -0.4252662951E-05 -0.4715575042E-08 -0.3250251895E-06 -0.3913402679E-06 -0.4665889020E-07 -0.1161307354E-05 -0.1025256879E-08 -0.8795249096E-07  0.6751796857E-06 -0.2013339717E-08 -0.1193395271E-08 -0.1720895648E-08  0.3508319221E-05  0.1326652593E+01  0.1275638441E+01  0.7892675075E+00  0.1094977689E+01  0.1065974801E+01  0.1552429151E+01  0.1005193500E+01  0.1000002476E+01  0.7729542133E+00  0.1664917912E+01  0.4720610356E+00  0.1000000000E+01  0.1364219397E+01  0.1422294836E+01  0.8866259526E+00  0.1999160353E+00  0.9410308422E-01  0.6804282126E+00  0.1000000000E+01  0.1334857980E+01  0.5497476651E+00  0.1000000000E+01  0.9901705854E+00  0.1012589761E+01  0.1011846036E+01  0.1011846036E+01  0.1000000000E+01  0.1000000000E+01  0.5242890820E+00  0.1000000000E+01  0.7025285031E+00  0.9592063556E+00  0.1000000000E+01  0.1332178778E-01  0.1000000000E+01  0.5722698453E+00  0.1113949361E+01  0.1000000000E+01  0.1000000000E+01  0.1000000000E+01  0.3571012552E+00  0.5540117784E+00  0.1000000000E+01 -0.8148438965E-05 -0.5694134977E-05 -0.7805503568E-05 -0.1003770882E-04  0.5641706437E-05  0.9332310966E-05  0.9309011591E-15  0.2007507630E-07 -0.8371724110E-05 -0.7357343028E-05 -0.5443845841E-02 -0.6388044499E-15  0.1514694395E-02 -0.3387424587E-06  0.4012845663E-02  0.5901273339E-15  0.2446889418E-02  0.9331802762E-02 -0.3651127803E-16  0.2205936245E-04  0.4234843182E-04  0.5172127091E-16 -0.5035369306E-06 -0.1782484308E-03  0.1268387137E-06  0.1268387144E-06  0.2585560418E-15 -0.1338747743E-15 -0.6680030603E-05  0.0000000000E+00 -0.3087868802E-04 -0.3086075901E-04  0.0000000000E+00  0.4874572967E-15 -0.4016187408E-15 -0.8320252314E-03 -0.1962214078E-04 -0.2707242490E-15  0.1110239965E-15 -0.1594046817E-14  0.7328730275E-02  0.2430422908E-02  0.0000000000E+00
   23            0.2768565183E+01  0.1753936233E-03  0.4528148400E-03  0.7340572594E-11 -0.1135644911E-09  0.5919553736E-10 -0.3770621593E-09  0.4864759706E-09 -0.3227802386E-03  0.1501063163E-08  0.1445186857E-04  0.8336797919E-10  0.7424907356E-09  0.7612651179E-04 -0.1143527810E-03 -0.3131808146E-09 -0.8254896178E-07 -0.9978865956E-07 -0.2456176929E-07 -0.2999297123E-06  0.1014509143E-08  0.2801041327E-03  0.1112901405E-04 -0.1937940919E-09  0.5962068617E-09 -0.1320200393E-08  0.5649113789E-04  0.1326644445E+01  0.1275632747E+01  0.7892597020E+00  0.1094967651E+01  0.1065980443E+01  0.1552438484E+01  0.1005193500E+01  0.1000002496E+01  0.7729458416E+00  0.1664910555E+01  0.4666171897E+00  0.1000000000E+01  0.1365734091E+01  0.1422294497E+01  0.8906387983E+00  0.1999160353E+00  0.9654997364E-01  0.6897600153E+00  0.1000000000E+01  0.1334880039E+01  0.5497900135E+00  0.1000000000E+01  0.9901700819E+00  0.1012411513E+01  0.1011846162E+01  0.1011846162E+01  0.1000000000E+01  0.1000000000E+01  0.5242824020E+00  0.1000000000E+01  0.7024976244E+00  0.9591754949E+00  0.1000000000E+01  0.1332178778E-01  0.1000000000E+01  0.5714378201E+00  0.1113929739E+01  0.1000000000E+01  0.1000000000E+01  0.1000000000E+01  0.3644299855E+00  0.5564422013E+00  0.1000000000E+01 -0.4815920836E-04 -0.3365445577E-04 -0.4614587076E-04 -0.5933591633E-04  0.3335038181E-04  0.5517337241E-04 -0.9308942506E-15  0.9841653689E-07 -0.6898363862E-04 -0.4348018287E-04 -0.2629648240E-01  0.9035852145E-15  0.7304867271E-02 -0.1988485919E-05  0.1955354809E-01 -0.4247656751E-15  0.1233565444E-01  0.4643281248E-01  0.2541098842E-20  0.1304545413E-03  0.2504211444E-03 -0.1947347218E-15 -0.1808905057E-04  0.1403694519E-03 -0.6073060700E-05 -0.6073060697E-05  0.4989751667E-15 -0.6273416419E-04 -0.3950065976E-04  0.0000000000E+00 -0.1795820508E-03  0.1806585462E-04  0.0000000000E+00  0.8732065418E-15 -0.4807912396E-15 -0.4050173154E-02 -0.1160199042E-03 -0.4866695155E-16  0.4869405660E-16 -0.1492849572E-15  0.3648473392E-01  0.1215143288E-01  0.0000000000E+00
   24            0.2768403312E+01  0.3047545844E-03  0.8580567171E-02 -0.1189068510E-08 -0.1989310938E-09  0.2251451914E-08  0.3736840837E-08  0.1129317018E-07 -0.7894021143E-02  0.5556840543E-09  0.3090197087E-04  0.9656160316E-09  0.1682389472E-07  0.1834873709E-02 -0.2353193921E-02 -0.9871691686E-08 -0.4265902918E-06 -0.5167510682E-06  0.6843190881E-07 -0.1605625534E-05  0.2077892036E-07  0.5019977989E-07  0.2625250862E-03 -0.4024849232E-08  0.1520446902E-07  0.1639144598E-08  0.1528529563E-02  0.1326596286E+01  0.1275599093E+01  0.7892135562E+00  0.1094908315E+01  0.1066013793E+01  0.1552493657E+01  0.1005193500E+01  0.1000002595E+01  0.7728768579E+00  0.1664867075E+01  0.4403207073E+00  0.1000000000E+01  0.1373038958E+01  0.1422292508E+01  0.9101923464E+00  0.1999160353E+00  0.1088856281E+00  0.7361928278E+00  0.1000000000E+01  0.1335010494E+01  0.5500404346E+00  0.1000000000E+01  0.9901519928E+00  0.1012551882E+01  0.1011840089E+01  0.1011840089E+01  0.1000000000E+01  0.9999372658E+00  0.5242429013E+00  0.1000000000E+01  0.7023180423E+00  0.9591935607E+00  0.1000000000E+01  0.1332178778E-01  0.1000000000E+01  0.5673876469E+00  0.1113813719E+01  0.1000000000E+01  0.1000000000E+01  0.1000000000E+01  0.4009147194E+00  0.5685936342E+00  0.1000000000E+01 -0.3941696893E-04 -0.2754586444E-04 -0.3775888452E-04 -0.4855479377E-04  0.2729523122E-04  0.4514622339E-04  0.7323865646E-15  0.1045795609E-06 -0.4785251504E-04 -0.3559849715E-04 -0.2458943604E-01 -0.4723945461E-15  0.6839218906E-02 -0.1633209444E-05  0.1931800452E-01  0.6655899291E-15  0.1515005376E-01  0.5267589543E-01 -0.4239500946E-16  0.1067615145E-03  0.2049338311E-03  0.2356702648E-15 -0.8016669845E-05 -0.4432822382E-03 -0.2732865597E-05 -0.2732865593E-05 -0.3706221601E-15  0.6273416419E-04 -0.3231610762E-04  0.0000000000E+00 -0.1496603907E-03 -0.7889768725E-04  0.0000000000E+00 -0.7500422259E-15  0.8482842214E-15 -0.3999277272E-02 -0.9493294431E-04 -0.2471930093E-15 -0.1626224854E-17  0.7839190617E-15  0.4182602532E-01  0.1347222407E-01  0.0000000000E+00
   25            0.2768270862E+01  0.2192424525E-03  0.1426904652E-01 -0.7524038059E-09 -0.2424597190E-09  0.1501996971E-08  0.1991101062E-08  0.9895043229E-08 -0.7997311641E-02  0.1308539832E-08  0.1123581802E-03  0.7056994988E-09  0.1499487667E-07  0.1736453431E-02 -0.3295354904E-02 -0.6641758366E-08 -0.3675664381E-06 -0.4468821301E-06 -0.1070436296E-06 -0.1385834771E-05  0.2255304232E-07  0.7603922974E-03 -0.1107546948E-01 -0.2795879417E-08  0.1361665558E-07  0.2855289338E-09  0.1586572866E-02  0.1326556869E+01  0.1275571547E+01  0.7891757973E+00  0.1094859760E+01  0.1066041088E+01  0.1552538803E+01  0.1005193500E+01  0.1000002699E+01  0.7728290054E+00  0.1664831476E+01  0.4157312713E+00  0.1000000000E+01  0.1379878177E+01  0.1422290875E+01  0.9295103509E+00  0.1999160353E+00  0.1240356818E+00  0.7888687232E+00  0.1000000000E+01  0.1335117255E+01  0.5502453685E+00  0.1000000000E+01  0.9901439761E+00  0.1012108600E+01  0.1011837357E+01  0.1011837357E+01  0.1000000000E+01  0.1000000000E+01  0.5242105852E+00  0.1000000000E+01  0.7021683819E+00  0.9591146631E+00  0.1000000000E+01  0.1332178778E-01  0.1000000000E+01  0.5633883696E+00  0.1113718786E+01  0.1000000000E+01  0.1000000000E+01  0.1000000000E+01  0.4427407447E+00  0.5820658583E+00  0.1000000000E+01 -0.1750595044E-04 -0.1223388402E-04 -0.1676621821E-04 -0.2156095072E-04  0.1212203074E-04  0.2004657311E-04  0.1344565455E-15  0.7391651343E-08 -0.3103803281E-04 -0.1581295730E-04 -0.1193439562E-14 -0.2181414771E-15 -0.4135713663E-04 -0.7272345139E-06  0.1933194436E-03 -0.4355983781E-15  0.1681176396E-02  0.3814762075E-02  0.8940400232E-17  0.4740984042E-04  0.9100402627E-04 -0.1333982468E-15 -0.1146329389E-04  0.4852244065E-03 -0.2626765733E-05 -0.2626765733E-05 -0.4758613750E-16  0.1261032728E-15 -0.1434765008E-04  0.0000000000E+00 -0.6131458845E-04  0.7944302743E-04  0.0000000000E+00 -0.1612416377E-15  0.3049431820E-15  0.6826433084E-02 -0.4215292175E-04  0.3340696879E-15  0.3005322683E-16  0.1213196778E-15  0.3410190902E-02  0.4511394595E-03  0.0000000000E+00
   26            0.2768212049E+01  0.1524027322E-03  0.1177914721E-03 -0.8897660386E-10 -0.1996580679E-09  0.2886522132E-09 -0.3023755690E-09 -0.4387046282E-10  0.1282265593E-05  0.2373746644E-08  0.9303567641E-04  0.2191955506E-09 -0.2327359416E-09  0.6638998431E-06 -0.7115189554E-04 -0.1353506307E-08 -0.1477209570E-06 -0.1771579495E-06 -0.2111651451E-06 -0.5279013792E-06 -0.5460414232E-08 -0.3130990275E-06 -0.1127739662E-04 -0.6756885051E-09 -0.4536970799E-09 -0.1889930101E-08 -0.5182893136E-05  0.1326539363E+01  0.1275559313E+01  0.7891590311E+00  0.1094838200E+01  0.1066053210E+01  0.1552558850E+01  0.1005193500E+01  0.1000002707E+01  0.7727979674E+00  0.1664815663E+01  0.4157312713E+00  0.1000000000E+01  0.1379836820E+01  0.1422290148E+01  0.9297036703E+00  0.1999160353E+00  0.1257168582E+00  0.7926834853E+00  0.1000000000E+01  0.1335164665E+01  0.5503363725E+00  0.1000000000E+01  0.9901325128E+00  0.1012593824E+01  0.1011834730E+01  0.1011834730E+01  0.1000000000E+01  0.1000000000E+01  0.5241962376E+00  0.1000000000E+01  0.7021070673E+00  0.9591941061E+00  0.1000000000E+01  0.1332178778E-01  0.1000000000E+01  0.5702148027E+00  0.1113676633E+01  0.1000000000E+01  0.1000000000E+01  0.1000000000E+01  0.4461509356E+00  0.5825169977E+00  0.1000000000E+01 -0.2276062957E-04 -0.1590622266E-04 -0.2180112818E-04 -0.2803481474E-04  0.1576152757E-04  0.2606678276E-04 -0.1536773461E-15  0.7631387645E-08 -0.3150664770E-04 -0.2055984930E-04 -0.4601754577E-15  0.1752552357E-14 -0.5987122200E-04 -0.9434877609E-06 -0.1618586140E-03 -0.4195827713E-16  0.1316243210E-03  0.4167226839E-03  0.6088451141E-17  0.6165353473E-04  0.1183421514E-03  0.8940671533E-16 -0.7707693409E-05  0.8422123856E-06 -0.2474107162E-05 -0.2474107162E-05  0.1071086286E-14 -0.8780309569E-15 -0.1865772719E-04  0.0000000000E+00 -0.8498458802E-04 -0.2492021971E-05  0.0000000000E+00  0.1469636993E-16  0.2092331658E-15  0.4445001079E-04 -0.5481395535E-04 -0.3161185287E-15 -0.3515800399E-16 -0.8964701017E-16  0.9078769354E-03 -0.7946926568E-03  0.0000000000E+00
   27            0.2768135575E+01  0.2559421939E-05  0.6177584889E-05 -0.1922023651E-09 -0.2293799595E-09  0.4933378150E-09 -0.2274247457E-10 -0.6567069111E-10  0.5484210784E-05  0.2996109472E-08  0.1880587719E-06  0.3143283411E-09 -0.3796591930E-09 -0.4947930099E-07 -0.3599076547E-06 -0.2256760112E-08 -0.2126286722E-06 -0.2556948100E-06 -0.3127823445E-08 -0.7595650537E-06 -0.1529993909E-08  0.2706113111E-09  0.8699478249E-08 -0.1060655896E-08 -0.6675550113E-09 -0.2297206314E-08 -0.2689051892E-05  0.1326516602E+01  0.1275543407E+01  0.7891372299E+00  0.1094810165E+01  0.1066068972E+01  0.1552584917E+01  0.1005193500E+01  0.1000002714E+01  0.7727664608E+00  0.1664795104E+01  0.4157312713E+00  0.1000000000E+01  0.1379776949E+01  0.1422289204E+01  0.9295418117E+00  0.1999160353E+00  0.1258484826E+00  0.7931002080E+00  0.1000000000E+01  0.1335226319E+01  0.5504547147E+00  0.1000000000E+01  0.9901248052E+00  0.1012594667E+01  0.1011832256E+01  0.1011832256E+01  0.1000000000E+01  0.1000000000E+01  0.5241775799E+00  0.1000000000E+01  0.7020220828E+00  0.9591916141E+00  0.1000000000E+01  0.1332178778E-01  0.1000000000E+01  0.5702592527E+00  0.1113621819E+01  0.1000000000E+01  0.1000000000E+01  0.1000000000E+01  0.4470588126E+00  0.5817223051E+00  0.1000000000E+01 -0.7012351400E-06 -0.4899451800E-06 -0.6702674360E-06 -0.8626766836E-06  0.4848015349E-06  0.8012649459E-06 -0.4807238995E-15  0.2738131259E-07 -0.7428504867E-06 -0.6336024211E-06  0.5397885087E-15 -0.3723577108E-14 -0.1997956796E-05 -0.3061710367E-07 -0.5873237583E-03  0.2570639934E-15  0.3377049417E-03  0.1133797145E-02 -0.8519089950E-16  0.1890129667E-05  0.3630548567E-05  0.8375999546E-16 -0.1145312089E-06  0.8632074797E-08  0.3404020639E-06  0.3404020640E-06 -0.1670048954E-14  0.9530827030E-15 -0.5727020401E-06  0.0000000000E+00 -0.2034737355E-05 -0.9034783117E-07  0.0000000000E+00 -0.2439438533E-16 -0.1178145305E-14  0.8966799401E-04 -0.1683441765E-05 -0.2967117440E-15 -0.2731660465E-16  0.6461804927E-15  0.3280986048E-02 -0.3340338988E-02  0.0000000000E+00
   28            0.2768133224E+01  0.1120938852E-04  0.4101074891E-04  0.3958167127E-11 -0.1079381029E-10 -0.5662137426E-13 -0.4850675417E-10 -0.8111289418E-12 -0.1696965178E-05  0.1670417138E-09 -0.6711191003E-07  0.5876632514E-11 -0.1556310636E-11 -0.4780892074E-06 -0.2369435326E-05 -0.5225597732E-11 -0.6806945785E-08 -0.8190528589E-08 -0.1404820704E-10 -0.2436650348E-07 -0.1979527653E-11  0.1115258996E-09  0.8181407241E-07 -0.9738876372E-11 -0.1035216357E-10 -0.1545515937E-09 -0.4090412128E-04  0.1326515901E+01  0.1275542917E+01  0.7891365597E+00  0.1094809302E+01  0.1066069457E+01  0.1552585718E+01  0.1005193500E+01  0.1000002742E+01  0.7727657179E+00  0.1664794470E+01  0.4157312713E+00  0.1000000000E+01  0.1379774951E+01  0.1422289174E+01  0.9289544880E+00  0.1999160353E+00  0.1261861875E+00  0.7942340051E+00  0.1000000000E+01  0.1335228209E+01  0.5504583452E+00  0.1000000000E+01  0.9901246906E+00  0.1012594675E+01  0.1011832596E+01  0.1011832596E+01  0.1000000000E+01  0.1000000000E+01  0.5241770072E+00  0.1000000000E+01  0.7020200480E+00  0.9591915237E+00  0.1000000000E+01  0.1332178778E-01  0.1000000000E+01  0.5703489207E+00  0.1113620136E+01  0.1000000000E+01  0.1000000000E+01  0.1000000000E+01  0.4503397986E+00  0.5783819661E+00  0.1000000000E+01 -0.3314564970E-05 -0.2316412524E-05 -0.3174717051E-05 -0.4082485455E-05  0.2295362713E-05  0.3795927458E-05  0.3310775270E-15  0.1380577477E-06 -0.4604544204E-05 -0.2994448885E-05  0.4138285037E-15  0.2193118802E-14 -0.8707164253E-05 -0.1373789222E-06 -0.2999972814E-02  0.2019880327E-15  0.1732848001E-02  0.5810502472E-02  0.8668183536E-16  0.8979300114E-05  0.1723501050E-04  0.7659574143E-16 -0.1131392622E-05  0.1220923831E-06 -0.3898594252E-06 -0.3898594250E-06  0.7985117166E-15 -0.2849868431E-15 -0.2716934585E-05  0.0000000000E+00 -0.1241642740E-04 -0.3570674979E-06  0.0000000000E+00  0.4835866950E-17  0.7344495991E-15  0.4598715667E-03 -0.7982328254E-05  0.3026173085E-15  0.3011528047E-16 -0.4833374191E-15  0.1674580421E-01 -0.1675947791E-01  0.0000000000E+00
   29            0.2768122088E+01  0.5346685898E-04  0.1041030710E-02  0.1319433451E-10 -0.4894673555E-10  0.8278266961E-11 -0.2026895318E-09 -0.4522271446E-11 -0.3560889295E-04  0.7528789814E-09 -0.3009487757E-06  0.2994093862E-10 -0.1305477948E-10 -0.1247774509E-04 -0.6157682238E-04 -0.6066958047E-10 -0.3088378631E-07 -0.3715922425E-07 -0.1140822992E-09 -0.1105196634E-06 -0.3929123693E-10  0.6338187752E-09  0.2769679056E-05 -0.5905342881E-10 -0.5474809495E-10 -0.6887317383E-09 -0.1038519027E-02  0.1326512586E+01  0.1275540600E+01  0.7891333849E+00  0.1094805220E+01  0.1066071752E+01  0.1552589514E+01  0.1005193500E+01  0.1000002880E+01  0.7727611134E+00  0.1664791475E+01  0.4157312713E+00  0.1000000000E+01  0.1379766244E+01  0.1422289036E+01  0.9259545151E+00  0.1999160353E+00  0.1279190355E+00  0.8000445076E+00  0.1000000000E+01  0.1335237188E+01  0.5504755802E+00  0.1000000000E+01  0.9901235592E+00  0.1012594797E+01  0.1011832206E+01  0.1011832206E+01  0.1000000000E+01  0.1000000000E+01  0.5241742902E+00  0.1000000000E+01  0.7020076316E+00  0.9591911666E+00  0.1000000000E+01  0.1332178778E-01  0.1000000000E+01  0.5708087923E+00  0.1113612153E+01  0.1000000000E+01  0.1000000000E+01  0.1000000000E+01  0.4670856028E+00  0.5616224882E+00  0.1000000000E+01 -0.1562323594E-04 -0.1091845268E-04 -0.1496389221E-04 -0.1924266183E-04  0.1081921923E-04  0.1789195951E-04  0.5151619082E-15  0.6241149165E-06 -0.2170464158E-04 -0.1411461695E-04 -0.8665916676E-15 -0.2219158559E-15 -0.4104000509E-04 -0.6476044057E-06 -0.1429322630E-01 -0.3329076652E-15  0.8375396586E-02  0.2787669121E-01 -0.1216377327E-16  0.4232412840E-04  0.8123737257E-04 -0.1375324780E-15 -0.5333467017E-05  0.5757324064E-06 -0.1840067384E-05 -0.1840067383E-05  0.8123618965E-15 -0.1300894254E-15 -0.1280607379E-04  0.0000000000E+00 -0.5852785650E-04 -0.1682903181E-05  0.0000000000E+00  0.6159617087E-16 -0.4458228355E-15  0.2196473968E-02 -0.3762442238E-04  0.2258690535E-15 -0.1192113570E-16 -0.1089788518E-14  0.7945280879E-01 -0.7316484889E-01  0.0000000000E+00
   30            0.2768069597E+01  0.3877438145E-04  0.2073258426E-01 -0.6068978653E-10 -0.1836186758E-09  0.2286519862E-09 -0.3604060383E-09 -0.3635858281E-10 -0.8283300035E-03  0.2715290770E-08 -0.6550174311E-05  0.1883502243E-09 -0.1875477551E-09 -0.2896688203E-03 -0.1352013310E-02 -0.1085294188E-08 -0.1457495993E-06 -0.1753047025E-06 -0.1563326246E-08 -0.5209799188E-06 -0.7426078641E-09  0.1215602730E-08  0.6287578634E-04 -0.5655504953E-09 -0.3847590024E-09 -0.2300719615E-08 -0.2066973814E-01  0.1326496963E+01  0.1275529682E+01  0.7891184210E+00  0.1094785977E+01  0.1066082571E+01  0.1552607406E+01  0.1005193500E+01  0.1000003504E+01  0.7727394087E+00  0.1664777361E+01  0.4157312713E+00  0.1000000000E+01  0.1379725204E+01  0.1422288389E+01  0.9116612888E+00  0.1999160353E+00  0.1362944321E+00  0.8279211988E+00  0.1000000000E+01  0.1335279512E+01  0.5505568176E+00  0.1000000000E+01  0.9901182258E+00  0.1012595373E+01  0.1011830366E+01  0.1011830366E+01  0.1000000000E+01  0.1000000000E+01  0.5241614841E+00  0.1000000000E+01  0.7019491037E+00  0.9591894837E+00  0.1000000000E+01  0.1332178778E-01  0.1000000000E+01  0.5730052663E+00  0.1113574529E+01  0.1000000000E+01  0.1000000000E+01  0.1000000000E+01  0.5465384116E+00  0.4884576393E+00  0.1000000000E+01  0.9021509045E-06  0.6305848516E-06  0.8648267830E-06  0.1111595929E-05 -0.6253710338E-06 -0.1034186641E-05  0.7557794831E-15  0.6172256686E-08  0.1414700355E-05  0.8151570490E-06  0.1143506803E-14  0.2710505431E-18  0.2260368571E-05  0.3633480195E-07 -0.1561257886E-02  0.3392998556E-15  0.1241411115E-02  0.3561538422E-02  0.1634773588E-18 -0.2450989685E-05 -0.4702222174E-05  0.1340213317E-15  0.3951456444E-06 -0.4526933817E-07  0.4019171967E-06  0.4019171972E-06 -0.1438877413E-14  0.6539932346E-15  0.7406547024E-06  0.0000000000E+00  0.3792970524E-05  0.8679371592E-07  0.0000000000E+00  0.6886288414E-17  0.8723718249E-15  0.2544333281E-03  0.2175875031E-05 -0.4714651017E-15 -0.9788294886E-16  0.2477082346E-15  0.7801944891E-02  0.5866723063E-02  0.0000000000E+00
   31            0.2768072631E+01  0.8817081714E-04  0.7553015622E-04 -0.6023181953E-11  0.1420930040E-10  0.1501243574E-11  0.6694955701E-10  0.9332534745E-12 -0.1215734527E-04 -0.2156390622E-09  0.9250018051E-05 -0.7215228415E-11  0.1058264587E-11 -0.2447171075E-05 -0.2764239207E-04  0.6552536291E-12  0.8208410174E-08  0.9877954010E-08  0.9250156197E-11  0.2938515919E-07 -0.1717515019E-11 -0.2377235075E-09  0.9268241412E-06  0.1055378007E-10  0.1240030301E-10  0.2003979205E-09  0.6856012036E-04  0.1326497865E+01  0.1275530312E+01  0.7891192859E+00  0.1094787088E+01  0.1066081946E+01  0.1552606372E+01  0.1005193500E+01  0.1000003510E+01  0.7727408234E+00  0.1664778176E+01  0.4157312713E+00  0.1000000000E+01  0.1379727464E+01  0.1422288425E+01  0.9101000309E+00  0.1999160353E+00  0.1375358432E+00  0.8314827373E+00  0.1000000000E+01  0.1335277061E+01  0.5505521154E+00  0.1000000000E+01  0.9901186209E+00  0.1012595328E+01  0.1011830768E+01  0.1011830768E+01  0.1000000000E+01  0.1000000000E+01  0.5241622248E+00  0.1000000000E+01  0.7019528967E+00  0.9591895705E+00  0.1000000000E+01  0.1332178778E-01  0.1000000000E+01  0.5732596996E+00  0.1113576705E+01  0.1000000000E+01  0.1000000000E+01  0.1000000000E+01  0.5543403565E+00  0.4943243624E+00  0.1000000000E+01 -0.2397447103E-04 -0.1675496467E-04 -0.2296180506E-04 -0.2952758695E-04  0.1660278217E-04  0.2745504881E-04 -0.4964162024E-15  0.7618652882E-06 -0.3336587499E-04 -0.2166121384E-04 -0.6777333019E-15 -0.3894575851E-15 -0.6293352684E-04 -0.9938319662E-06 -0.2073710209E-01  0.6405347037E-15  0.1303398941E-01  0.4185063455E-01  0.1825455375E-16  0.6495146232E-04  0.1246660845E-03 -0.1310167783E-15 -0.8216784917E-05  0.8880536624E-06 -0.2935421670E-05 -0.2935421668E-05  0.2478671314E-15 -0.6246443859E-15 -0.1965032656E-04  0.0000000000E+00 -0.8996602695E-04 -0.2578379437E-05  0.0000000000E+00 -0.9599907674E-16 -0.7774129367E-15  0.3230280601E-02 -0.5773491586E-04  0.1648130421E-15  0.1555397777E-15  0.5461837226E-15  0.1130002881E+00 -0.7358536608E-01  0.0000000000E+00
   32            0.2767992086E+01  0.1377020915E-03  0.2749459556E-01 -0.2210615024E-09 -0.2467878124E-09  0.5482856391E-09  0.6652323137E-10 -0.7145983805E-10 -0.1806874750E-02  0.3370266399E-08 -0.1459743756E-04  0.3381697145E-09 -0.4190142677E-09 -0.6300050876E-03 -0.2788531025E-02 -0.2497334450E-08 -0.2237724169E-06 -0.2690858593E-06 -0.3476690713E-08 -0.7992384109E-06 -0.1732198829E-08  0.1609934408E-10  0.1380276042E-03 -0.1114305315E-08 -0.7223469600E-09 -0.2617339234E-08 -0.2728545238E-01  0.1326473891E+01  0.1275513557E+01  0.7890963241E+00  0.1094757561E+01  0.1066098549E+01  0.1552633827E+01  0.1005193500E+01  0.1000004272E+01  0.7727074575E+00  0.1664756515E+01  0.4157312713E+00  0.1000000000E+01  0.1379664531E+01  0.1422287431E+01  0.8893629289E+00  0.1999160353E+00  0.1505698326E+00  0.8733333718E+00  0.1000000000E+01  0.1335342013E+01  0.5506767814E+00  0.1000000000E+01  0.9901104041E+00  0.1012596216E+01  0.1011827833E+01  0.1011827833E+01  0.1000000000E+01  0.1000000000E+01  0.5241425745E+00  0.1000000000E+01  0.7018629307E+00  0.9591869922E+00  0.1000000000E+01  0.1332178778E-01  0.1000000000E+01  0.5764899802E+00  0.1113518970E+01  0.1000000000E+01  0.1000000000E+01  0.1000000000E+01  0.6673406446E+00  0.4207389963E+00  0.1000000000E+01 -0.3116661215E-04 -0.2178142875E-04 -0.2984637098E-04 -0.3838223260E-04  0.2158253388E-04  0.3568688577E-04 -0.5902575320E-15  0.1087109757E-05 -0.4311538582E-04 -0.2816311265E-04  0.5989568580E-15  0.5440123178E-16 -0.8198088721E-04 -0.1294700876E-05 -0.3742849955E-01 -0.9715806718E-15  0.2633790031E-01  0.7996212375E-01 -0.3655018860E-16  0.8442663053E-04  0.1620462839E-03  0.1215976193E-15 -0.1054215727E-04  0.1135524959E-05 -0.3346978702E-05 -0.3346978695E-05  0.6950562142E-15 -0.9821791546E-17 -0.2553993670E-04  0.0000000000E+00 -0.1162914823E-03 -0.3367935180E-05  0.0000000000E+00  0.1658825854E-15  0.1593021315E-14  0.5957197525E-02 -0.7504412567E-04  0.2562084685E-15  0.6850141886E-17  0.6902827750E-15  0.1969836755E+00 -0.7077992662E-01  0.0000000000E+00
   33            0.2767887390E+01  0.1104542768E-03  0.4299242665E-01 -0.4305137358E-09 -0.3784512703E-09  0.9335963114E-09  0.7799179080E-09 -0.1103834801E-09 -0.6241742083E-02  0.4380515284E-08 -0.2927809984E-04  0.4946150156E-09 -0.6914974149E-09 -0.2121128287E-02 -0.9079007369E-02 -0.4176165858E-08 -0.2914093323E-06 -0.3503595171E-06 -0.5664003044E-08 -0.1040127446E-05 -0.2838883462E-08 -0.2011982470E-08  0.4832069971E-03 -0.1362487234E-08 -0.1086498558E-08 -0.3271245497E-08 -0.4149972889E-01  0.1326442724E+01  0.1275491776E+01  0.7890664777E+00  0.1094719179E+01  0.1066120131E+01  0.1552669514E+01  0.1005193500E+01  0.1000005359E+01  0.7726643422E+00  0.1664728352E+01  0.4157312713E+00  0.1000000000E+01  0.1379582550E+01  0.1422286137E+01  0.8519344293E+00  0.1999160353E+00  0.1769077329E+00  0.9532954956E+00  0.1000000000E+01  0.1335426439E+01  0.5508388277E+00  0.1000000000E+01  0.9900998620E+00  0.1012597351E+01  0.1011824486E+01  0.1011824486E+01  0.1000000000E+01  0.1000000000E+01  0.5241170345E+00  0.1000000000E+01  0.7017466392E+00  0.9591836242E+00  0.1000000000E+01  0.1332178778E-01  0.1000000000E+01  0.5824471777E+00  0.1113443926E+01  0.1000000000E+01  0.1000000000E+01  0.1000000000E+01  0.8643243202E+00  0.3499590696E+00  0.1000000000E+01 -0.2155089215E-05 -0.1506037151E-05 -0.2061404984E-05 -0.2652188276E-05  0.1491212339E-05  0.2464652912E-05  0.6062157760E-15  0.3680899602E-06 -0.2678580352E-05 -0.1948727559E-05 -0.1618178855E-14  0.4479165075E-15 -0.5870828386E-05 -0.9192324579E-07 -0.1883470507E-01 -0.3182284391E-16  0.1763653690E-01  0.4670450444E-01  0.4130373871E-16  0.5823377696E-05  0.1118041430E-04 -0.1255995069E-15 -0.5657409258E-06  0.5608347327E-07  0.3204858483E-06  0.3204858524E-06 -0.1470533608E-14  0.3687165327E-15 -0.1762496349E-05  0.0000000000E+00 -0.7266661700E-05 -0.2521222943E-06  0.0000000000E+00 -0.9371970298E-16 -0.1575751129E-14  0.3178561480E-02 -0.5180832790E-05 -0.4659733893E-15  0.3139760910E-16 -0.4644741825E-15  0.9039018582E-01 -0.2630661068E-02  0.0000000000E+00
   34            0.2767880159E+01  0.8697562745E-04  0.3904886613E-02  0.1015920681E-10 -0.4122779895E-10  0.2907896146E-11 -0.1393515303E-09 -0.2738587135E-11 -0.1835996137E-02  0.5315505813E-09  0.5324194536E-04  0.1882694001E-10 -0.6837863609E-11 -0.4623443461E-03 -0.3106418319E-02 -0.2902755813E-10 -0.2044704184E-07 -0.2460345583E-07 -0.5738953757E-10 -0.7317740680E-07 -0.1322131293E-10  0.3860671782E-09  0.1490217347E-03 -0.1602051825E-11 -0.3390221437E-10 -0.4913598417E-09 -0.1410183813E-02  0.1326440569E+01  0.1275490270E+01  0.7890644163E+00  0.1094716526E+01  0.1066121622E+01  0.1552671978E+01  0.1005193500E+01  0.1000005727E+01  0.7726616636E+00  0.1664726403E+01  0.4157312713E+00  0.1000000000E+01  0.1379576679E+01  0.1422286045E+01  0.8330997242E+00  0.1999160353E+00  0.1945442698E+00  0.1000000000E+01  0.1000000000E+01  0.1335432263E+01  0.5508500081E+00  0.1000000000E+01  0.9900992962E+00  0.1012597407E+01  0.1011824806E+01  0.1011824806E+01  0.1000000000E+01  0.1000000000E+01  0.5241152720E+00  0.1000000000E+01  0.7017393725E+00  0.9591833721E+00  0.1000000000E+01  0.1332178778E-01  0.1000000000E+01  0.5856257392E+00  0.1113438745E+01  0.1000000000E+01  0.1000000000E+01  0.1000000000E+01  0.9547145060E+00  0.3473284086E+00  0.1000000000E+01 -0.1051196438E-04 -0.7346641363E-05 -0.1006605914E-04 -0.1294493041E-04  0.7279652075E-05  0.1203599490E-04 -0.9765952141E-15 -0.1935317569E-07 -0.1460091187E-04 -0.9500369715E-05  0.1401660790E-14 -0.7922008346E-15 -0.2760793825E-04 -0.4366606784E-06  0.4622491299E-03  0.2253422465E-15  0.5006859418E-03 -0.2168404345E-18 -0.6519907024E-17  0.2847871856E-04  0.5465931714E-04  0.1760342473E-15 -0.3587746515E-05  0.3874672714E-06 -0.1239122110E-05 -0.1239122109E-05  0.6068403158E-15 -0.6956635382E-16 -0.8613438929E-05  0.0000000000E+00 -0.3937454675E-04 -0.1131944642E-05  0.0000000000E+00 -0.5154175138E-16  0.4557003655E-15 -0.4042356993E-04 -0.2531040660E-04  0.4722196243E-15 -0.8373623792E-17 -0.3242252150E-15 -0.3238890741E-02  0.2048196585E-02  0.0000000000E+00
   35            0.2767844850E+01  0.3206453695E-04  0.2945879870E-04 -0.6534106589E-11 -0.1797269000E-09  0.1008251260E-09 -0.4083205996E-09 -0.2025535295E-10  0.2229102741E-05  0.2209147643E-08  0.1968116315E-04  0.1134694561E-09 -0.9097345099E-10 -0.8433285436E-06  0.5310905911E-06 -0.5065129427E-09 -0.9801268686E-07 -0.1179076466E-06 -0.7652204426E-09 -0.3504872849E-06 -0.3439314389E-09  0.1313553488E-08 -0.2935627907E-07 -0.1390556559E-09 -0.2234425978E-09 -0.1961732776E-08 -0.2177988188E-04  0.1326430057E+01  0.1275482923E+01  0.7890543502E+00  0.1094703582E+01  0.1066128902E+01  0.1552684014E+01  0.1005193500E+01  0.1000005708E+01  0.7726470627E+00  0.1664716903E+01  0.4157312713E+00  0.1000000000E+01  0.1379549071E+01  0.1422285608E+01  0.8335619734E+00  0.1999160353E+00  0.1950449558E+00  0.1000000000E+01  0.1000000000E+01  0.1335460741E+01  0.5509046675E+00  0.1000000000E+01  0.9900957085E+00  0.1012597795E+01  0.1011823567E+01  0.1011823567E+01  0.1000000000E+01  0.1000000000E+01  0.5241066586E+00  0.1000000000E+01  0.7016999980E+00  0.9591822402E+00  0.1000000000E+01  0.1332178778E-01  0.1000000000E+01  0.5855853156E+00  0.1113413435E+01  0.1000000000E+01  0.1000000000E+01  0.1000000000E+01  0.9514756152E+00  0.3493766052E+00  0.1000000000E+01 -0.4769375273E-05 -0.3333187286E-05 -0.4566495803E-05 -0.5872822727E-05  0.3302499058E-05  0.5460094933E-05 -0.2246273110E-15  0.3473897237E-08 -0.6527309183E-05 -0.4310436537E-05 -0.1079898263E-14  0.2498340705E-14 -0.1259155472E-04 -0.1987714967E-06  0.9787582816E-05 -0.4304617257E-15 -0.4944881708E-06 -0.1848892747E-30 -0.2864709153E-16  0.1291641571E-04  0.2479174751E-04 -0.6301938494E-16 -0.1575290981E-05  0.1685855391E-06 -0.3843302455E-06 -0.3843302451E-06  0.5899443386E-15 -0.3591680302E-15 -0.3907131433E-05  0.0000000000E+00 -0.1761557427E-04 -0.5198009006E-06  0.0000000000E+00  0.7850718511E-17  0.5237710447E-15  0.1236020708E-05 -0.1148135307E-04 -0.1942504128E-15  0.6311828055E-16 -0.8096461849E-15 -0.4963688213E-04  0.3126593865E-04  0.0000000000E+00
   36            0.2767828831E+01  0.3314543941E-07  0.1218627943E-05  0.1452460374E-10 -0.8809319940E-10  0.1873901034E-10 -0.2699366286E-09 -0.7046585537E-11  0.1206077658E-05  0.1091310931E-08  0.1088945267E-07  0.4474842719E-10 -0.2332467552E-10 -0.3094007828E-08  0.1008282347E-10 -0.1160153085E-09 -0.4455984548E-07 -0.5361395183E-07 -0.1982009001E-09 -0.1594283880E-06 -0.7280942516E-10  0.8360179216E-09  0.3208255883E-10 -0.2270417188E-10 -0.8332445844E-10 -0.9950459345E-09 -0.4702887857E-08  0.1326425288E+01  0.1275479590E+01  0.7890497837E+00  0.1094697709E+01  0.1066132205E+01  0.1552689474E+01  0.1005193500E+01  0.1000005711E+01  0.7726405354E+00  0.1664712592E+01  0.4157312713E+00  0.1000000000E+01  0.1379536480E+01  0.1422285409E+01  0.8335717609E+00  0.1999160353E+00  0.1950444613E+00  0.1000000000E+01  0.1000000000E+01  0.1335473658E+01  0.5509294592E+00  0.1000000000E+01  0.9900941332E+00  0.1012597963E+01  0.1011823183E+01  0.1011823183E+01  0.1000000000E+01  0.1000000000E+01  0.5241027515E+00  0.1000000000E+01  0.7016823824E+00  0.9591817203E+00  0.1000000000E+01  0.1332178778E-01  0.1000000000E+01  0.5855865517E+00  0.1113401953E+01  0.1000000000E+01  0.1000000000E+01  0.1000000000E+01  0.9514259784E+00  0.3494078711E+00  0.1000000000E+01 -0.3092872115E-08 -0.2122226271E-08 -0.2800297544E-08 -0.3724245287E-08  0.1972679202E-08  0.3300838276E-08  0.7453430573E-15  0.3572800405E-08  0.4439141289E-07 -0.2609337176E-08  0.5186528291E-15 -0.1032457915E-14 -0.4135622251E-07 -0.3993322256E-09 -0.2399986836E-06  0.4618265029E-15  0.7254252068E-08  0.1120148601E-15 -0.2952204903E-16  0.6006978251E-08  0.1229038049E-07  0.5472267186E-16  0.2526695702E-07 -0.3537364771E-08  0.8902451459E-07  0.8902451465E-07 -0.4934828025E-15  0.2586088726E-15 -0.2264895325E-08 -0.8701485014E-17  0.1131820541E-06 -0.3485807238E-08  0.0000000000E+00 -0.1409818645E-15 -0.1697716580E-14 -0.2905288644E-07 -0.6607894711E-08  0.1639365497E-15  0.0000000000E+00  0.1650189981E-14  0.1174153560E-05 -0.6403628245E-06  0.0000000000E+00
   37            0.2767828822E+01  0.1830658928E-07  0.1004222360E-06  0.1865174681E-13 -0.6039613254E-13 -0.7771561172E-15 -0.2189359805E-12 -0.2997602166E-14 -0.9985071525E-07  0.7509548539E-12 -0.1069308364E-07  0.2575717417E-13 -0.5329070518E-14 -0.7042810779E-11 -0.5569988915E-12 -0.1254552018E-13 -0.8789813322E-10 -0.1057001153E-09 -0.1694200336E-12 -0.3147782035E-09 -0.1720845688E-13 -0.7895128995E-11  0.7704947791E-13  0.7105427358E-14 -0.4274358645E-13 -0.6982192602E-12 -0.3146927163E-11  0.1326425285E+01  0.1275479588E+01  0.7890497809E+00  0.1094697705E+01  0.1066132207E+01  0.1552689478E+01  0.1005193500E+01  0.1000005715E+01  0.7726405797E+00  0.1664712590E+01  0.4157312713E+00  0.1000000000E+01  0.1379536438E+01  0.1422285409E+01  0.8335715209E+00  0.1999160353E+00  0.1950444685E+00  0.1000000000E+01  0.1000000000E+01  0.1335473664E+01  0.5509294715E+00  0.1000000000E+01  0.9900941585E+00  0.1012597960E+01  0.1011823272E+01  0.1011823272E+01  0.1000000000E+01  0.1000000000E+01  0.5241027492E+00  0.1000000000E+01  0.7016824956E+00  0.9591817169E+00  0.1000000000E+01  0.1332178778E-01  0.1000000000E+01  0.5855865226E+00  0.1113401947E+01  0.1000000000E+01  0.1000000000E+01  0.1000000000E+01  0.9514271525E+00  0.3494072307E+00  0.1000000000E+01  0.2724543250E-08  0.1904186182E-08  0.2608942510E-08  0.3355040844E-08 -0.1886902444E-08 -0.3119563224E-08 -0.3275318016E-15  0.3340618848E-08  0.3885810984E-08  0.2462732746E-08  0.3760693482E-15  0.1365326455E-14  0.7085100330E-08  0.1130381113E-09  0.1815534554E-07 -0.2790920928E-15 -0.6849403829E-09 -0.3453715414E-15 -0.3887784783E-15 -0.7383163407E-08 -0.1416970742E-07  0.2217552775E-15  0.9848207936E-09 -0.1144090130E-09  0.5084478524E-09  0.5084482648E-09 -0.8153027954E-17 -0.1814042286E-15  0.2232474685E-08  0.4019225862E-15  0.1046525625E-07  0.2856368160E-09  0.0000000000E+00  0.1842102205E-15  0.2649555695E-15  0.2157431213E-08  0.6560387266E-08 -0.4068421483E-15  0.0000000000E+00  0.2164618021E-15 -0.8985242200E-07  0.4977918426E-07  0.0000000000E+00
   38            0.2767828831E+01  0.1843138484E-08  0.1524089184E-08 -0.1887379142E-13  0.5262457137E-13  0.4440892099E-15  0.1973976538E-12  0.2886579864E-14 -0.1020728835E-08 -0.6765699112E-12  0.1127487881E-08 -0.2187139359E-13  0.2886579864E-14  0.1771027769E-11 -0.3574918139E-13  0.1043609643E-13  0.2523736775E-10  0.3035793839E-10  0.3375077995E-13  0.9038014781E-10  0.2220446049E-15 -0.6554756737E-12 -0.2320366121E-13 -0.7327471963E-14  0.3264055692E-13  0.6272760089E-12 -0.3164135620E-13  0.1326425287E+01  0.1275479590E+01  0.7890497835E+00  0.1094697708E+01  0.1066132205E+01  0.1552689475E+01  0.1005193500E+01  0.1000005718E+01  0.7726405836E+00  0.1664712592E+01  0.4157312713E+00  0.1000000000E+01  0.1379536445E+01  0.1422285409E+01  0.8335715391E+00  0.1999160353E+00  0.1950444679E+00  0.1000000000E+01  0.1000000000E+01  0.1335473656E+01  0.5509294573E+00  0.1000000000E+01  0.9900941594E+00  0.1012597960E+01  0.1011823272E+01  0.1011823272E+01  0.1000000000E+01  0.1000000000E+01  0.5241027514E+00  0.1000000000E+01  0.7016825061E+00  0.9591817171E+00  0.1000000000E+01  0.1332178778E-01  0.1000000000E+01  0.5855865248E+00  0.1113401953E+01  0.1000000000E+01  0.1000000000E+01  0.1000000000E+01  0.9514270627E+00  0.3494072805E+00  0.1000000000E+01 -0.2725163970E-09 -0.1904856764E-09 -0.2610190413E-09 -0.3356039101E-09  0.1888208985E-09  0.3121297968E-09  0.9225931110E-16  0.3702441984E-08 -0.4066486962E-09 -0.2464558731E-09  0.1405630660E-15 -0.1672755500E-14 -0.6964147858E-09 -0.1117815769E-10  0.8049787053E-09 -0.4778826513E-15 -0.2069606677E-10  0.8902250010E-16  0.5378609819E-15  0.7396547002E-09  0.1419199783E-08  0.3890753060E-15 -0.1082168899E-09  0.1212908567E-10 -0.8387466817E-10 -0.8387440678E-10  0.3085317035E-16 -0.3423442189E-16 -0.2234127850E-09 -0.6818771089E-15 -0.1092874499E-08 -0.2752080540E-10 -0.9233215592E-15 -0.1174807133E-15 -0.8912087225E-16  0.1003096947E-09 -0.6565746545E-09  0.2925882936E-15  0.0000000000E+00 -0.1793307772E-14 -0.3942043410E-08  0.1969414484E-08  0.0000000000E+00
