        0.10000000000E+03        0.49992505388E+02        0.10000000000E+00        0.17623295246E+04        0.00000000000E+00        0.00000000000E+00
        0.49992505388E+02        0.47755484573E+02        0.10000000000E+00        0.65419093586E+03        0.00000000000E+00        0.44530730833E-05
        0.47755484573E+02        0.18653264026E+02        0.10000000000E+00        0.48737219359E+03        0.10925399474E+01        0.13589021409E-05
        0.18653264026E+02        0.13790439656E+02        0.10000000000E+00        0.41920584601E+03        0.32750524959E+01        0.00000000000E+00
        0.13790439656E+02        0.13915468822E+02        0.10000000000E+00        0.38998052336E+03        0.57129786405E+01        0.00000000000E+00
        0.13915468822E+02        0.14334770549E+02        0.10000000000E+00        0.38046535011E+03        0.82543176093E+01        0.00000000000E+00
        0.14334770549E+02        0.17003664030E+02        0.10000000000E+00        0.39597635775E+03        0.10749956846E+02        0.00000000000E+00
        0.17003664030E+02        0.19058947860E+02        0.10000000000E+00        0.41618860666E+03        0.13018154658E+02        0.00000000000E+00
        0.19058947860E+02        0.26196663635E+02        0.10000000000E+00        0.46699255662E+03        0.15036955186E+02        0.00000000000E+00
        0.26196663635E+02        0.22027137995E+02        0.10000000000E+00        0.51895721896E+03        0.16598245741E+02        0.00000000000E+00
        0.22027137995E+02        0.28433811662E+02        0.10000000000E+00        0.59893126095E+03        0.17716544061E+02        0.00000000000E+00
        0.28433811662E+02        0.21033830383E+02        0.10000000000E+00        0.69189500663E+03        0.18180114126E+02        0.00000000000E+00
        0.21033830383E+02        0.22153590058E+02        0.10000000000E+00        0.81231027430E+03        0.17973202849E+02        0.00000000000E+00
        0.22153590058E+02        0.13211166758E+02        0.10000000000E+00        0.93760238465E+03        0.16892178417E+02        0.12529577072E-05
        0.13211166758E+02        0.90901393628E+01        0.10000000000E+00        0.10761407653E+04        0.15027726008E+02        0.40727713272E-05
        0.90901393628E+01        0.49151332813E+01        0.10000000000E+00        0.12063395425E+04        0.12384752336E+02        0.84496274342E-05
        0.49151332813E+01        0.73860882268E+01        0.10000000000E+00        0.13156995002E+04        0.90042788240E+01        0.14301483185E-04
        0.73860882268E+01        0.11065454496E+02        0.10000000000E+00        0.14372084691E+04        0.52742055786E+01        0.20852538385E-04
        0.11065454496E+02        0.15666430739E+02        0.10000000000E+00        0.14973381056E+04        0.97794136667E+00        0.28535975489E-04
        0.15666430739E+02        0.16915879913E+02        0.10000000000E+00        0.15973075907E+04        0.00000000000E+00        0.36049807071E-04
        0.16915879913E+02        0.16279183786E+02        0.10000000000E+00        0.16131850995E+04        0.00000000000E+00        0.44569130809E-04
        0.16279183786E+02        0.15967641795E+02        0.10000000000E+00        0.16582086311E+04        0.00000000000E+00        0.52641040424E-04
        0.15967641795E+02        0.12502019798E+02        0.10000000000E+00        0.16341932581E+04        0.00000000000E+00        0.60932139233E-04
        0.12502019798E+02        0.10652802960E+02        0.10000000000E+00        0.15906721271E+04        0.00000000000E+00        0.68374532627E-04
        0.10652802960E+02        0.87150009613E+01        0.10000000000E+00        0.15337611698E+04        0.00000000000E+00        0.74742972151E-04
        0.87150009613E+01        0.67063571105E+01        0.10000000000E+00        0.14616495488E+04        0.00000000000E+00        0.80048218547E-04
        0.67063571105E+01        0.52570266664E+01        0.10000000000E+00        0.14003670061E+04        0.00000000000E+00        0.83925359037E-04
        0.52570266664E+01        0.43941800031E+01        0.10000000000E+00        0.13398068669E+04        0.00000000000E+00        0.86823915774E-04
        0.43941800031E+01        0.35383626183E+01        0.10000000000E+00        0.12935820409E+04        0.00000000000E+00        0.88597051135E-04
        0.35383626183E+01        0.29934262291E+01        0.10000000000E+00        0.12520751132E+04        0.00000000000E+00        0.89657166341E-04
        0.29934262291E+01        0.25220568718E+01        0.10000000000E+00        0.12229415030E+04        0.00000000000E+00        0.89975533892E-04
        0.25220568718E+01        0.22038149305E+01        0.10000000000E+00        0.11995545937E+04        0.00000000000E+00        0.89879236826E-04
        0.22038149305E+01        0.19830643264E+01        0.10000000000E+00        0.11856997992E+04        0.00000000000E+00        0.89384896837E-04
        0.19830643264E+01        0.22626201367E+01        0.10000000000E+00        0.11781007989E+04        0.00000000000E+00        0.88728780011E-04
        0.22626201367E+01        0.29408647989E+01        0.10000000000E+00        0.11772934759E+04        0.00000000000E+00        0.87957421007E-04
        0.29408647989E+01        0.29933731645E+01        0.10000000000E+00        0.11827181050E+04        0.00000000000E+00        0.87218089872E-04
        0.29933731645E+01        0.33616025953E+01        0.10000000000E+00        0.11926903523E+04        0.00000000000E+00        0.86577028958E-04
        0.33616025953E+01        0.32468515731E+01        0.10000000000E+00        0.12084151670E+04        0.00000000000E+00        0.86105794205E-04
        0.32468515731E+01        0.32816573654E+01        0.10000000000E+00        0.12268905506E+04        0.00000000000E+00        0.85884356217E-04
        0.32816573654E+01        0.30382696406E+01        0.10000000000E+00        0.12500077741E+04        0.00000000000E+00        0.85917328409E-04
        0.30382696406E+01        0.28051849821E+01        0.10000000000E+00        0.12739328241E+04        0.00000000000E+00        0.86289071944E-04
        0.28051849821E+01        0.25715614438E+01        0.10000000000E+00        0.13011434815E+04        0.00000000000E+00        0.86948879474E-04
        0.25715614438E+01        0.22980495933E+01        0.10000000000E+00        0.13273475662E+04        0.00000000000E+00        0.87976965896E-04
        0.22980495933E+01        0.19162136820E+01        0.10000000000E+00        0.13551108753E+04        0.00000000000E+00        0.89278713506E-04
        0.19162136820E+01        0.17052323355E+01        0.10000000000E+00        0.13802952031E+04        0.00000000000E+00        0.90923798316E-04
        0.17052323355E+01        0.13393273904E+01        0.10000000000E+00        0.14053043288E+04        0.00000000000E+00        0.92788318852E-04
        0.13393273904E+01        0.10991952683E+01        0.10000000000E+00        0.14266357510E+04        0.00000000000E+00        0.94923807143E-04
        0.10991952683E+01        0.77565181213E+00        0.10000000000E+00        0.14463059591E+04        0.00000000000E+00        0.97197090311E-04
        0.77565181213E+00        0.60565355507E+00        0.10000000000E+00        0.14618315971E+04        0.00000000000E+00        0.99638307949E-04
        0.60565355507E+00        0.71532356413E+00        0.10000000000E+00        0.14747260384E+04        0.00000000000E+00        0.10212423579E-03
        0.71532356413E+00        0.10158348653E+01        0.10000000000E+00        0.14836788699E+04        0.00000000000E+00        0.10466432455E-03
        0.10158348653E+01        0.10790299871E+01        0.10000000000E+00        0.14896397709E+04        0.00000000000E+00        0.10716072658E-03
        0.10790299871E+01        0.12327461803E+01        0.10000000000E+00        0.14923948543E+04        0.00000000000E+00        0.10960425718E-03
        0.12327461803E+01        0.12042130481E+01        0.10000000000E+00        0.14923036799E+04        0.00000000000E+00        0.11193304412E-03
        0.12042130481E+01        0.12363312794E+01        0.10000000000E+00        0.14900402468E+04        0.00000000000E+00        0.11412507744E-03
        0.12363312794E+01        0.11406831838E+01        0.10000000000E+00        0.14854554193E+04        0.00000000000E+00        0.11615488441E-03
        0.11406831838E+01        0.10692838331E+01        0.10000000000E+00        0.14797563136E+04        0.00000000000E+00        0.11799509398E-03
        0.10692838331E+01        0.95010818782E+00        0.10000000000E+00        0.14724563169E+04        0.00000000000E+00        0.11965262422E-03
        0.95010818782E+00        0.84747160664E+00        0.10000000000E+00        0.14649818924E+04        0.00000000000E+00        0.12109885028E-03
        0.84747160664E+00        0.81334629711E+00        0.10000000000E+00        0.14566461262E+04        0.00000000000E+00        0.12236428470E-03
        0.81334629711E+00        0.72997232779E+00        0.10000000000E+00        0.14488218937E+04        0.00000000000E+00        0.12342412428E-03
        0.72997232779E+00        0.72827309633E+00        0.10000000000E+00        0.14407938024E+04        0.00000000000E+00        0.12432234380E-03
        0.72827309633E+00        0.67518438778E+00        0.10000000000E+00        0.14336979797E+04        0.00000000000E+00        0.12504046565E-03
        0.67518438778E+00        0.65235312774E+00        0.10000000000E+00        0.14269284277E+04        0.00000000000E+00        0.12562720059E-03
        0.65235312774E+00        0.57939357775E+00        0.10000000000E+00        0.14212794032E+04        0.00000000000E+00        0.12607139956E-03
        0.57939357775E+00        0.54102850247E+00        0.10000000000E+00        0.14163356122E+04        0.00000000000E+00        0.12641960150E-03
        0.54102850247E+00        0.45894185202E+00        0.10000000000E+00        0.14125186699E+04        0.00000000000E+00        0.12666787067E-03
        0.45894185202E+00        0.41140532217E+00        0.10000000000E+00        0.14096346584E+04        0.00000000000E+00        0.12685579119E-03
        0.41140532217E+00        0.37679511727E+00        0.10000000000E+00        0.14077508794E+04        0.00000000000E+00        0.12698576939E-03
        0.37679511727E+00        0.37558969142E+00        0.10000000000E+00        0.14068881122E+04        0.00000000000E+00        0.12708758919E-03
        0.37558969142E+00        0.44891618172E+00        0.10000000000E+00        0.14068093777E+04        0.00000000000E+00        0.12716866882E-03
        0.44891618172E+00        0.42614791763E+00        0.10000000000E+00        0.14077179969E+04        0.00000000000E+00        0.12724777131E-03
        0.42614791763E+00        0.45734777712E+00        0.10000000000E+00        0.14091426108E+04        0.00000000000E+00        0.12733574668E-03
        0.45734777712E+00        0.41823681313E+00        0.10000000000E+00        0.14114226054E+04        0.00000000000E+00        0.12744045134E-03
        0.41823681313E+00        0.41160818155E+00        0.10000000000E+00        0.14139335768E+04        0.00000000000E+00        0.12757451206E-03
        0.41160818155E+00        0.37272776084E+00        0.10000000000E+00        0.14170978403E+04        0.00000000000E+00        0.12773605572E-03
        0.37272776084E+00        0.36528429871E+00        0.10000000000E+00        0.14202207723E+04        0.00000000000E+00        0.12793787921E-03
        0.36528429871E+00        0.31774619117E+00        0.10000000000E+00        0.14237592704E+04        0.00000000000E+00        0.12817039873E-03
        0.31774619117E+00        0.30360651811E+00        0.10000000000E+00        0.14270271132E+04        0.00000000000E+00        0.12844523027E-03
        0.30360651811E+00        0.25066274479E+00        0.10000000000E+00        0.14304673486E+04        0.00000000000E+00        0.12874757362E-03
        0.25066274479E+00        0.23091797085E+00        0.10000000000E+00        0.14334695476E+04        0.00000000000E+00        0.12908681903E-03
        0.23091797085E+00        0.18168759956E+00        0.10000000000E+00        0.14364274890E+04        0.00000000000E+00        0.12944568439E-03
        0.18168759956E+00        0.15476578395E+00        0.10000000000E+00        0.14388542639E+04        0.00000000000E+00        0.12983070951E-03
        0.15476578395E+00        0.11303583334E+00        0.10000000000E+00        0.14410688550E+04        0.00000000000E+00        0.13022471311E-03
        0.11303583334E+00        0.94880878421E-01        0.10000000000E+00        0.14427340092E+04        0.00000000000E+00        0.13063120180E-03
        0.94880878421E-01        0.10910846249E+00        0.10000000000E+00        0.14440804678E+04        0.00000000000E+00        0.13103524278E-03
        0.10910846249E+00        0.13537317341E+00        0.10000000000E+00        0.14448099104E+04        0.00000000000E+00        0.13143571894E-03
        0.13537317341E+00        0.16191500404E+00        0.10000000000E+00        0.14453002204E+04        0.00000000000E+00        0.13182561143E-03
        0.16191500404E+00        0.16719578684E+00        0.10000000000E+00        0.14454560437E+04        0.00000000000E+00        0.13219809953E-03
        0.16719578684E+00        0.17643535246E+00        0.10000000000E+00        0.14452350988E+04        0.00000000000E+00        0.13255207298E-03
        0.17643535246E+00        0.17154675099E+00        0.10000000000E+00        0.14446734227E+04        0.00000000000E+00        0.13288191614E-03
        0.17154675099E+00        0.16779592349E+00        0.10000000000E+00        0.14438936657E+04        0.00000000000E+00        0.13318409621E-03
        0.16779592349E+00        0.15713790970E+00        0.10000000000E+00        0.14428523147E+04        0.00000000000E+00        0.13345838563E-03
        0.15713790970E+00        0.14001087650E+00        0.10000000000E+00        0.14417168863E+04        0.00000000000E+00        0.13370048824E-03
        0.14001087650E+00        0.13450183584E+00        0.10000000000E+00        0.14404237481E+04        0.00000000000E+00        0.13391389572E-03
        0.13450183584E+00        0.13084481078E+00        0.10000000000E+00        0.14391479575E+04        0.00000000000E+00        0.13409462614E-03
        0.13084481078E+00        0.13145700719E+00        0.10000000000E+00        0.14378090368E+04        0.00000000000E+00        0.13424859628E-03
        0.13145700719E+00        0.12256115050E+00        0.10000000000E+00        0.14365720899E+04        0.00000000000E+00        0.13437252502E-03
        0.12256115050E+00        0.11941482550E+00        0.10000000000E+00        0.14353607361E+04        0.00000000000E+00        0.13447372593E-03
        0.11941482550E+00        0.10684574388E+00        0.10000000000E+00        0.14343054910E+04        0.00000000000E+00        0.13454991157E-03
        0.10684574388E+00        0.10076611294E+00        0.10000000000E+00        0.14333476023E+04        0.00000000000E+00        0.13460866956E-03
        0.10076611294E+00        0.86228787283E-01        0.10000000000E+00        0.14325682506E+04        0.00000000000E+00        0.13464885928E-03
        0.86228787283E-01        0.78383037442E-01        0.10000000000E+00        0.14319349356E+04        0.00000000000E+00        0.13467739683E-03
        0.78383037442E-01        0.66694424672E-01        0.10000000000E+00        0.14315433799E+04        0.00000000000E+00        0.13469532204E-03
        0.66694424672E-01        0.60011408573E-01        0.10000000000E+00        0.14312041029E+04        0.00000000000E+00        0.13470568509E-03
        0.60011408573E-01        0.60073259791E-01        0.10000000000E+00        0.14310290458E+04        0.00000000000E+00        0.13471215937E-03
        0.60073259791E-01        0.61852665882E-01        0.10000000000E+00        0.14310371586E+04        0.00000000000E+00        0.13471596409E-03
        0.61852665882E-01        0.71976992647E-01        0.10000000000E+00        0.14311098366E+04        0.00000000000E+00        0.13471947251E-03
        0.71976992647E-01        0.66797576373E-01        0.10000000000E+00        0.14313637132E+04        0.00000000000E+00        0.13472471707E-03
        0.66797576373E-01        0.61097630439E-01        0.10000000000E+00        0.14316750874E+04        0.00000000000E+00        0.13473360431E-03
        0.61097630439E-01        0.65156905830E-01        0.10000000000E+00        0.14320444118E+04        0.00000000000E+00        0.13474696110E-03
        0.65156905830E-01        0.59865576473E-01        0.10000000000E+00        0.14325631873E+04        0.00000000000E+00        0.13476494530E-03
        0.59865576473E-01        0.52008426822E-01        0.10000000000E+00        0.14330306284E+04        0.00000000000E+00        0.13478965717E-03
        0.52008426822E-01        0.51141768952E-01        0.10000000000E+00        0.14335383873E+04        0.00000000000E+00        0.13482063861E-03
        0.51141768952E-01        0.45135171119E-01        0.10000000000E+00        0.14341311815E+04        0.00000000000E+00        0.13485658626E-03
        0.45135171119E-01        0.40695710672E-01        0.10000000000E+00        0.14346041460E+04        0.00000000000E+00        0.13489925140E-03
        0.40695710672E-01        0.36289518840E-01        0.10000000000E+00        0.14350911996E+04        0.00000000000E+00        0.13494733677E-03
        0.36289518840E-01        0.30687389077E-01        0.10000000000E+00        0.14355984413E+04        0.00000000000E+00        0.13499883517E-03
        0.30687389077E-01        0.25546325903E-01        0.10000000000E+00        0.14359617562E+04        0.00000000000E+00        0.13505485821E-03
        0.25546325903E-01        0.21509688426E-01        0.10000000000E+00        0.14363125367E+04        0.00000000000E+00        0.13511378547E-03
        0.21509688426E-01        0.16011762452E-01        0.10000000000E+00        0.14366337339E+04        0.00000000000E+00        0.13517358008E-03
        0.16011762452E-01        0.19329948940E-01        0.10000000000E+00        0.14368256588E+04        0.00000000000E+00        0.13523467237E-03
        0.19329948940E-01        0.24197148181E-01        0.10000000000E+00        0.14369868423E+04        0.00000000000E+00        0.13529557365E-03
        0.24197148181E-01        0.26283751049E-01        0.10000000000E+00        0.14370895714E+04        0.00000000000E+00        0.13535475822E-03
        0.26283751049E-01        0.28726424709E-01        0.10000000000E+00        0.14371055188E+04        0.00000000000E+00        0.13541206726E-03
        0.28726424709E-01        0.30824015055E-01        0.10000000000E+00        0.14370822142E+04        0.00000000000E+00        0.13546648418E-03
        0.30824015055E-01        0.30326948901E-01        0.10000000000E+00        0.14369953243E+04        0.00000000000E+00        0.13551726060E-03
        0.30326948901E-01        0.29304413252E-01        0.10000000000E+00        0.14368739244E+04        0.00000000000E+00        0.13556387193E-03
        0.29304413252E-01        0.28457154868E-01        0.10000000000E+00        0.14367154526E+04        0.00000000000E+00        0.13560590059E-03
        0.28457154868E-01        0.26330557630E-01        0.10000000000E+00        0.14365063266E+04        0.00000000000E+00        0.13564339675E-03
        0.26330557630E-01        0.23050732978E-01        0.10000000000E+00        0.14363103751E+04        0.00000000000E+00        0.13567571046E-03
        0.23050732978E-01        0.20853901785E-01        0.10000000000E+00        0.14360864563E+04        0.00000000000E+00        0.13570298576E-03
        0.20853901785E-01        0.20988998350E-01        0.10000000000E+00        0.14358356464E+04        0.00000000000E+00        0.13572587402E-03
        0.20988998350E-01        0.19990698561E-01        0.10000000000E+00        0.14356299915E+04        0.00000000000E+00        0.13574381971E-03
        0.19990698561E-01        0.18806769814E-01        0.10000000000E+00        0.14354092713E+04        0.00000000000E+00        0.13575734702E-03
        0.18806769814E-01        0.18261156451E-01        0.10000000000E+00        0.14351869138E+04        0.00000000000E+00        0.13576743019E-03
        0.18261156451E-01        0.16397043319E-01        0.10000000000E+00        0.14350231683E+04        0.00000000000E+00        0.13577373030E-03
        0.16397043319E-01        0.14460853743E-01        0.10000000000E+00        0.14348565749E+04        0.00000000000E+00        0.13577694286E-03
        0.14460853743E-01        0.13243963021E-01        0.10000000000E+00        0.14347092070E+04        0.00000000000E+00        0.13577805670E-03
        0.13243963021E-01        0.11127661328E-01        0.10000000000E+00        0.14346158526E+04        0.00000000000E+00        0.13577700337E-03
        0.11127661328E-01        0.90716451662E-02        0.10000000000E+00        0.14345292885E+04        0.00000000000E+00        0.13577443325E-03
        0.90716451662E-02        0.94535864557E-02        0.10000000000E+00        0.14344735258E+04        0.00000000000E+00        0.13577112837E-03
        0.94535864557E-02        0.10280852244E-01        0.10000000000E+00        0.14344555779E+04        0.00000000000E+00        0.13576724740E-03
        0.10280852244E-01        0.12387367446E-01        0.10000000000E+00        0.14344491459E+04        0.00000000000E+00        0.13576325997E-03
        0.12387367446E-01        0.11805565525E-01        0.10000000000E+00        0.14344759506E+04        0.00000000000E+00        0.13575960539E-03
        0.11805565525E-01        0.11143565221E-01        0.10000000000E+00        0.14345186632E+04        0.00000000000E+00        0.13575659563E-03
        0.11143565221E-01        0.11876612356E-01        0.10000000000E+00        0.14345734031E+04        0.00000000000E+00        0.13575444018E-03
        0.11876612356E-01        0.10789570558E-01        0.10000000000E+00        0.14346556483E+04        0.00000000000E+00        0.13575323449E-03
        0.10789570558E-01        0.96387501707E-02        0.10000000000E+00        0.14347337442E+04        0.00000000000E+00        0.13575333289E-03
        0.96387501707E-02        0.95071613548E-02        0.10000000000E+00        0.14348209484E+04        0.00000000000E+00        0.13575471315E-03
        0.95071613548E-02        0.86474055779E-02        0.10000000000E+00        0.14349248570E+04        0.00000000000E+00        0.13575717950E-03
        0.86474055779E-02        0.75771274929E-02        0.10000000000E+00        0.14350101023E+04        0.00000000000E+00        0.13576104545E-03
        0.75771274929E-02        0.70051047708E-02        0.10000000000E+00        0.14350997492E+04        0.00000000000E+00        0.13576610832E-03
        0.70051047708E-02        0.62947073841E-02        0.10000000000E+00        0.14351945424E+04        0.00000000000E+00        0.13577202174E-03
        0.62947073841E-02        0.49543018730E-02        0.10000000000E+00        0.14352644255E+04        0.00000000000E+00        0.13577899360E-03
        0.49543018730E-02        0.39745033097E-02        0.10000000000E+00        0.14353334913E+04        0.00000000000E+00        0.13578674232E-03
        0.39745033097E-02        0.30553551535E-02        0.10000000000E+00        0.14353983042E+04        0.00000000000E+00        0.13579488543E-03
        0.30553551535E-02        0.28395496412E-02        0.10000000000E+00        0.14354391103E+04        0.00000000000E+00        0.13580351422E-03
        0.28395496412E-02        0.33951139794E-02        0.10000000000E+00        0.14354684480E+04        0.00000000000E+00        0.13581223715E-03
        0.33951139794E-02        0.46742912817E-02        0.10000000000E+00        0.14354935591E+04        0.00000000000E+00        0.13582100952E-03
        0.46742912817E-02        0.48678838779E-02        0.10000000000E+00        0.14355106503E+04        0.00000000000E+00        0.13582951021E-03
        0.48678838779E-02        0.53025493177E-02        0.10000000000E+00        0.14355105555E+04        0.00000000000E+00        0.13583777669E-03
        0.53025493177E-02        0.55902719851E-02        0.10000000000E+00        0.14355043007E+04        0.00000000000E+00        0.13584560232E-03
        0.55902719851E-02        0.54038915954E-02        0.10000000000E+00        0.14354854454E+04        0.00000000000E+00        0.13585284319E-03
        0.54038915954E-02        0.51529397631E-02        0.10000000000E+00        0.14354614235E+04        0.00000000000E+00        0.13585939378E-03
        0.51529397631E-02        0.50428302497E-02        0.10000000000E+00        0.14354314337E+04        0.00000000000E+00        0.13586519042E-03
        0.50428302497E-02        0.46230881762E-02        0.10000000000E+00        0.14353916537E+04        0.00000000000E+00        0.13587024946E-03
        0.46230881762E-02        0.41023498871E-02        0.10000000000E+00        0.14353553399E+04        0.00000000000E+00        0.13587443900E-03
        0.41023498871E-02        0.37630069705E-02        0.10000000000E+00        0.14353141860E+04        0.00000000000E+00        0.13587779499E-03
        0.37630069705E-02        0.33946423751E-02        0.10000000000E+00        0.14352684942E+04        0.00000000000E+00        0.13588043903E-03
        0.33946423751E-02        0.30775181449E-02        0.10000000000E+00        0.14352313189E+04        0.00000000000E+00        0.13588226839E-03
        0.30775181449E-02        0.29452925810E-02        0.10000000000E+00        0.14351971321E+04        0.00000000000E+00        0.13588346048E-03
        0.29452925810E-02        0.26166737465E-02        0.10000000000E+00        0.14351604128E+04        0.00000000000E+00        0.13588399175E-03
        0.26166737465E-02        0.25322291134E-02        0.10000000000E+00        0.14351222349E+04        0.00000000000E+00        0.13588407535E-03
        0.25322291134E-02        0.21310935705E-02        0.10000000000E+00        0.14350971661E+04        0.00000000000E+00        0.13588360059E-03
        0.21310935705E-02        0.18768439686E-02        0.10000000000E+00        0.14350769195E+04        0.00000000000E+00        0.13588280062E-03
        0.18768439686E-02        0.14887916097E-02        0.10000000000E+00        0.14350571557E+04        0.00000000000E+00        0.13588168255E-03
        0.14887916097E-02        0.15051209182E-02        0.10000000000E+00        0.14350402594E+04        0.00000000000E+00        0.13588043492E-03
        0.15051209182E-02        0.18187827454E-02        0.10000000000E+00        0.14350330469E+04        0.00000000000E+00        0.13587901833E-03
        0.18187827454E-02        0.18229659572E-02        0.10000000000E+00        0.14350299116E+04        0.00000000000E+00        0.13587758972E-03
        0.18229659572E-02        0.22565021380E-02        0.10000000000E+00        0.14350285181E+04        0.00000000000E+00        0.13587616824E-03
        0.22565021380E-02        0.21209799048E-02        0.10000000000E+00        0.14350329276E+04        0.00000000000E+00        0.13587485897E-03
        0.21209799048E-02        0.20281823208E-02        0.10000000000E+00        0.14350405653E+04        0.00000000000E+00        0.13587369536E-03
        0.20281823208E-02        0.18847891234E-02        0.10000000000E+00        0.14350503164E+04        0.00000000000E+00        0.13587271723E-03
        0.18847891234E-02        0.19746062958E-02        0.10000000000E+00        0.14350615757E+04        0.00000000000E+00        0.13587194685E-03
        0.19746062958E-02        0.18078667712E-02        0.10000000000E+00        0.14350784188E+04        0.00000000000E+00        0.13587138795E-03
        0.18078667712E-02        0.15814377422E-02        0.10000000000E+00        0.14350933338E+04        0.00000000000E+00        0.13587111154E-03
        0.15814377422E-02        0.14495719472E-02        0.10000000000E+00        0.14351080331E+04        0.00000000000E+00        0.13587107109E-03
        0.14495719472E-02        0.13850711518E-02        0.10000000000E+00        0.14351241851E+04        0.00000000000E+00        0.13587128842E-03
        0.13850711518E-02        0.13297698239E-02        0.10000000000E+00        0.14351434366E+04        0.00000000000E+00        0.13587168967E-03
        0.13297698239E-02        0.10768316897E-02        0.10000000000E+00        0.14351575587E+04        0.00000000000E+00        0.13587235198E-03
        0.10768316897E-02        0.92179976709E-03        0.10000000000E+00        0.14351699617E+04        0.00000000000E+00        0.13587318106E-03
        0.92179976709E-03        0.72197068843E-03        0.10000000000E+00        0.14351826136E+04        0.00000000000E+00        0.13587418084E-03
        0.72197068843E-03        0.60981405852E-03        0.10000000000E+00        0.14351958011E+04        0.00000000000E+00        0.13587526740E-03
        0.60981405852E-03        0.46908799659E-03        0.10000000000E+00        0.14352037759E+04        0.00000000000E+00        0.13587648495E-03
        0.46908799659E-03        0.54522188726E-03        0.10000000000E+00        0.14352098139E+04        0.00000000000E+00        0.13587774628E-03
        0.54522188726E-03        0.76224543863E-03        0.10000000000E+00        0.14352151942E+04        0.00000000000E+00        0.13587904852E-03
        0.76224543863E-03        0.80611654223E-03        0.10000000000E+00        0.14352190635E+04        0.00000000000E+00        0.13588032457E-03
        0.80611654223E-03        0.87878642673E-03        0.10000000000E+00        0.14352198428E+04        0.00000000000E+00        0.13588158351E-03
        0.87878642673E-03        0.88262753508E-03        0.10000000000E+00        0.14352190455E+04        0.00000000000E+00        0.13588277972E-03
        0.88262753508E-03        0.98429431614E-03        0.10000000000E+00        0.14352172900E+04        0.00000000000E+00        0.13588390303E-03
        0.98429431614E-03        0.91091594295E-03        0.10000000000E+00        0.14352133760E+04        0.00000000000E+00        0.13588492549E-03
        0.91091594295E-03        0.85821791718E-03        0.10000000000E+00        0.14352087509E+04        0.00000000000E+00        0.13588583180E-03
        0.85821791718E-03        0.80118009744E-03        0.10000000000E+00        0.14352034539E+04        0.00000000000E+00        0.13588661805E-03
        0.80118009744E-03        0.75990155351E-03        0.10000000000E+00        0.14351973751E+04        0.00000000000E+00        0.13588727269E-03
        0.75990155351E-03        0.71226950419E-03        0.10000000000E+00        0.14351894299E+04        0.00000000000E+00        0.13588781048E-03
        0.71226950419E-03        0.61204082490E-03        0.10000000000E+00        0.14351827559E+04        0.00000000000E+00        0.13588820109E-03
        0.61204082490E-03        0.54842721945E-03        0.10000000000E+00        0.14351764567E+04        0.00000000000E+00        0.13588847284E-03
        0.54842721945E-03        0.48212076549E-03        0.10000000000E+00        0.14351695713E+04        0.00000000000E+00        0.13588862083E-03
        0.48212076549E-03        0.46610030089E-03        0.10000000000E+00        0.14351617966E+04        0.00000000000E+00        0.13588867908E-03
        0.46610030089E-03        0.39344348398E-03        0.10000000000E+00        0.14351563692E+04        0.00000000000E+00        0.13588862062E-03
        0.39344348398E-03        0.36083667818E-03        0.10000000000E+00        0.14351516583E+04        0.00000000000E+00        0.13588848845E-03
        0.36083667818E-03        0.30933768017E-03        0.10000000000E+00        0.14351467679E+04        0.00000000000E+00        0.13588827966E-03
        0.30933768017E-03        0.27385983457E-03        0.10000000000E+00        0.14351421849E+04        0.00000000000E+00        0.13588803088E-03
        0.27385983457E-03        0.23873436842E-03        0.10000000000E+00        0.14351395720E+04        0.00000000000E+00        0.13588773034E-03
        0.23873436842E-03        0.26371018218E-03        0.10000000000E+00        0.14351377922E+04        0.00000000000E+00        0.13588741085E-03
        0.26371018218E-03        0.27288674824E-03        0.10000000000E+00        0.14351367825E+04        0.00000000000E+00        0.13588708511E-03
        0.27288674824E-03        0.38951272560E-03        0.10000000000E+00        0.14351358801E+04        0.00000000000E+00        0.13588675461E-03
        0.38951272560E-03        0.36962482963E-03        0.10000000000E+00        0.14351357013E+04        0.00000000000E+00        0.13588644240E-03
        0.36962482963E-03        0.36596855278E-03        0.10000000000E+00        0.14351364760E+04        0.00000000000E+00        0.13588614615E-03
        0.36596855278E-03        0.36343131016E-03        0.10000000000E+00        0.14351378332E+04        0.00000000000E+00        0.13588587943E-03
        0.36343131016E-03        0.37353938871E-03        0.10000000000E+00        0.14351394514E+04        0.00000000000E+00        0.13588564759E-03
        0.37353938871E-03        0.32213271037E-03        0.10000000000E+00        0.14351420307E+04        0.00000000000E+00        0.13588545520E-03
        0.32213271037E-03        0.30596721671E-03        0.10000000000E+00        0.14351445496E+04        0.00000000000E+00        0.13588531212E-03
        0.30596721671E-03        0.27257141318E-03        0.10000000000E+00        0.14351470702E+04        0.00000000000E+00        0.13588521463E-03
        0.27257141318E-03        0.25690146708E-03        0.10000000000E+00        0.14351497221E+04        0.00000000000E+00        0.13588516428E-03
        0.25690146708E-03        0.25676123623E-03        0.10000000000E+00        0.14351530569E+04        0.00000000000E+00        0.13588515105E-03
        0.25676123623E-03        0.21566050970E-03        0.10000000000E+00        0.14351556369E+04        0.00000000000E+00        0.13588518789E-03
        0.21566050970E-03        0.19381571400E-03        0.10000000000E+00        0.14351580049E+04        0.00000000000E+00        0.13588526003E-03
        0.19381571400E-03        0.15312890922E-03        0.10000000000E+00        0.14351599603E+04        0.00000000000E+00        0.13588536270E-03
        0.15312890922E-03        0.12123747244E-03        0.10000000000E+00        0.14351623477E+04        0.00000000000E+00        0.13588549718E-03
        0.12123747244E-03        0.10111298428E-03        0.10000000000E+00        0.14351649133E+04        0.00000000000E+00        0.13588564886E-03
        0.10111298428E-03        0.88356823092E-04        0.10000000000E+00        0.14351663713E+04        0.00000000000E+00        0.13588582949E-03
