1.233333333333333393e+00 1.066666666666666652e+00 6.500000000000000222e-01 9.500000000000000111e-02
1.233333333333333393e+00 1.066666666666666652e+00 6.500000000000000222e-01 1.150000000000000050e-01
1.233333333333333393e+00 1.066666666666666652e+00 4.500000000000000111e-01 1.150000000000000050e-01
1.100000000000000089e+00 1.066666666666666652e+00 4.500000000000000111e-01 1.150000000000000050e-01
1.100000000000000089e+00 1.199999999999999956e+00 4.500000000000000111e-01 1.150000000000000050e-01
1.100000000000000089e+00 1.000000000000000000e+00 7.500000000000000000e-01 1.150000000000000050e-01
1.233333333333333393e+00 1.000000000000000000e+00 7.500000000000000000e-01 1.150000000000000050e-01
1.233333333333333393e+00 1.000000000000000000e+00 5.500000000000000444e-01 1.150000000000000050e-01
1.233333333333333393e+00 1.133333333333333304e+00 5.500000000000000444e-01 1.150000000000000050e-01
1.233333333333333393e+00 1.133333333333333304e+00 5.500000000000000444e-01 9.500000000000000111e-02
1.233333333333333393e+00 1.000000000000000000e+00 5.500000000000000444e-01 8.500000000000000611e-02
1.233333333333333393e+00 1.133333333333333304e+00 5.500000000000000444e-01 8.500000000000000611e-02
1.100000000000000089e+00 1.133333333333333304e+00 5.500000000000000444e-01 8.500000000000000611e-02
1.100000000000000089e+00 1.133333333333333304e+00 7.500000000000000000e-01 8.500000000000000611e-02
1.100000000000000089e+00 1.133333333333333304e+00 7.500000000000000000e-01 1.050000000000000100e-01
1.300000000000000044e+00 1.199999999999999956e+00 7.500000000000000000e-01 8.500000000000000611e-02
1.300000000000000044e+00 1.199999999999999956e+00 7.500000000000000000e-01 1.050000000000000100e-01
1.300000000000000044e+00 1.199999999999999956e+00 5.500000000000000444e-01 1.050000000000000100e-01
1.166666666666666741e+00 1.199999999999999956e+00 5.500000000000000444e-01 1.050000000000000100e-01
1.166666666666666741e+00 1.066666666666666652e+00 5.500000000000000444e-01 1.050000000000000100e-01
1.300000000000000044e+00 1.199999999999999956e+00 7.500000000000000000e-01 1.150000000000000050e-01
1.300000000000000044e+00 1.199999999999999956e+00 7.500000000000000000e-01 9.500000000000000111e-02
1.166666666666666741e+00 1.199999999999999956e+00 7.500000000000000000e-01 9.500000000000000111e-02
1.166666666666666741e+00 1.066666666666666652e+00 7.500000000000000000e-01 9.500000000000000111e-02
1.166666666666666741e+00 1.066666666666666652e+00 5.500000000000000444e-01 9.500000000000000111e-02
