Radiated power per atom (W m3) as a function dwell time.
Temperature :      1.0 -  40000.0 eV
Density     : 1.00e+20m-3
   200     5  # Te values, dwell time

Source data:
acd : /home/adas/adas/adf11/acd96/acd96_ne.dat
scd : /home/adas/adas/adf11/scd96/scd96_ne.dat
plt : /home/adas/adas/adf11/plt96/plt96_ne.dat
prb : /home/adas/adas/adf11/prb96/prb96_ne.dat

Te[eV]
 1.000e+00 1.055e+00 1.112e+00 1.173e+00 1.237e+00 1.305e+00 1.376e+00 1.452e+00
 1.531e+00 1.615e+00 1.703e+00 1.796e+00 1.895e+00 1.998e+00 2.107e+00 2.223e+00
 2.344e+00 2.473e+00 2.608e+00 2.750e+00 2.901e+00 3.059e+00 3.227e+00 3.403e+00
 3.589e+00 3.786e+00 3.993e+00 4.211e+00 4.441e+00 4.684e+00 4.941e+00 5.211e+00
 5.496e+00 5.796e+00 6.113e+00 6.448e+00 6.800e+00 7.172e+00 7.565e+00 7.978e+00
 8.415e+00 8.875e+00 9.360e+00 9.872e+00 1.041e+01 1.098e+01 1.158e+01 1.222e+01
 1.288e+01 1.359e+01 1.433e+01 1.512e+01 1.594e+01 1.681e+01 1.773e+01 1.870e+01
 1.973e+01 2.081e+01 2.194e+01 2.314e+01 2.441e+01 2.574e+01 2.715e+01 2.864e+01
 3.020e+01 3.186e+01 3.360e+01 3.544e+01 3.737e+01 3.942e+01 4.157e+01 4.385e+01
 4.625e+01 4.877e+01 5.144e+01 5.426e+01 5.722e+01 6.035e+01 6.365e+01 6.713e+01
 7.081e+01 7.468e+01 7.876e+01 8.307e+01 8.761e+01 9.241e+01 9.746e+01 1.028e+02
 1.084e+02 1.143e+02 1.206e+02 1.272e+02 1.341e+02 1.415e+02 1.492e+02 1.574e+02
 1.660e+02 1.751e+02 1.846e+02 1.947e+02 2.054e+02 2.166e+02 2.285e+02 2.410e+02
 2.542e+02 2.681e+02 2.827e+02 2.982e+02 3.145e+02 3.317e+02 3.498e+02 3.690e+02
 3.891e+02 4.104e+02 4.329e+02 4.565e+02 4.815e+02 5.078e+02 5.356e+02 5.649e+02
 5.958e+02 6.284e+02 6.628e+02 6.990e+02 7.373e+02 7.776e+02 8.201e+02 8.650e+02
 9.123e+02 9.622e+02 1.015e+03 1.070e+03 1.129e+03 1.191e+03 1.256e+03 1.324e+03
 1.397e+03 1.473e+03 1.554e+03 1.639e+03 1.728e+03 1.823e+03 1.923e+03 2.028e+03
 2.139e+03 2.256e+03 2.379e+03 2.509e+03 2.646e+03 2.791e+03 2.944e+03 3.105e+03
 3.274e+03 3.454e+03 3.642e+03 3.842e+03 4.052e+03 4.273e+03 4.507e+03 4.754e+03
 5.014e+03 5.288e+03 5.577e+03 5.882e+03 6.204e+03 6.543e+03 6.901e+03 7.278e+03
 7.676e+03 8.096e+03 8.539e+03 9.006e+03 9.499e+03 1.002e+04 1.057e+04 1.114e+04
 1.175e+04 1.240e+04 1.307e+04 1.379e+04 1.454e+04 1.534e+04 1.618e+04 1.706e+04
 1.800e+04 1.898e+04 2.002e+04 2.111e+04 2.227e+04 2.349e+04 2.477e+04 2.612e+04
 2.755e+04 2.906e+04 3.065e+04 3.233e+04 3.409e+04 3.596e+04 3.793e+04 4.000e+04
Lz[Wm**3] for tau[ms]=    0.1
 9.875e-40 2.268e-39 5.095e-39 1.116e-38 2.375e-38 4.901e-38 9.776e-38 1.879e-37
 3.472e-37 6.160e-37 1.053e-36 1.740e-36 2.786e-36 4.338e-36 6.576e-36 9.704e-36
 1.392e-35 1.941e-35 2.628e-35 3.463e-35 4.453e-35 5.621e-35 7.017e-35 8.737e-35
 1.094e-34 1.387e-34 1.782e-34 2.322e-34 3.058e-34 4.049e-34 5.366e-34 7.089e-34
 9.300e-34 1.208e-33 1.551e-33 1.965e-33 2.459e-33 3.037e-33 3.705e-33 4.469e-33
 5.333e-33 6.301e-33 7.374e-33 8.555e-33 9.842e-33 1.123e-32 1.271e-32 1.427e-32
 1.590e-32 1.760e-32 1.937e-32 2.123e-32 2.317e-32 2.521e-32 2.736e-32 2.962e-32
 3.198e-32 3.441e-32 3.691e-32 3.942e-32 4.192e-32 4.437e-32 4.674e-32 4.902e-32
 5.120e-32 5.327e-32 5.524e-32 5.712e-32 5.890e-32 6.060e-32 6.221e-32 6.373e-32
 6.514e-32 6.642e-32 6.756e-32 6.853e-32 6.931e-32 6.991e-32 7.033e-32 7.057e-32
 7.066e-32 7.061e-32 7.044e-32 7.014e-32 6.971e-32 6.915e-32 6.845e-32 6.759e-32
 6.659e-32 6.545e-32 6.419e-32 6.283e-32 6.139e-32 5.989e-32 5.834e-32 5.677e-32
 5.518e-32 5.359e-32 5.203e-32 5.049e-32 4.899e-32 4.755e-32 4.616e-32 4.484e-32
 4.360e-32 4.244e-32 4.137e-32 4.039e-32 3.951e-32 3.871e-32 3.798e-32 3.732e-32
 3.670e-32 3.611e-32 3.555e-32 3.500e-32 3.445e-32 3.390e-32 3.333e-32 3.277e-32
 3.222e-32 3.170e-32 3.123e-32 3.079e-32 3.041e-32 3.013e-32 3.000e-32 3.006e-32
 3.040e-32 3.115e-32 3.255e-32 3.484e-32 3.782e-32 4.080e-32 4.262e-32 4.207e-32
 3.856e-32 3.292e-32 2.762e-32 2.478e-32 2.376e-32 2.343e-32 2.329e-32 2.321e-32
 2.314e-32 2.307e-32 2.302e-32 2.299e-32 2.305e-32 2.335e-32 2.418e-32 2.578e-32
 2.808e-32 3.071e-32 3.314e-32 3.499e-32 3.609e-32 3.650e-32 3.640e-32 3.598e-32
 3.547e-32 3.504e-32 3.469e-32 3.441e-32 3.416e-32 3.394e-32 3.372e-32 3.348e-32
 3.324e-32 3.297e-32 3.270e-32 3.243e-32 3.215e-32 3.187e-32 3.159e-32 3.131e-32
 3.104e-32 3.076e-32 3.049e-32 3.022e-32 2.996e-32 2.969e-32 2.943e-32 2.917e-32
 2.891e-32 2.865e-32 2.840e-32 2.814e-32 2.789e-32 2.764e-32 2.739e-32 2.714e-32
 2.690e-32 2.666e-32 2.641e-32 2.617e-32 2.593e-32 2.570e-32 2.546e-32 2.523e-32
Lz[Wm**3] for tau[ms]=    1.0
 1.072e-39 2.463e-39 5.521e-39 1.205e-38 2.553e-38 5.237e-38 1.037e-37 1.977e-37
 3.607e-37 6.289e-37 1.047e-36 1.663e-36 2.514e-36 3.613e-36 4.938e-36 6.436e-36
 8.072e-36 9.893e-36 1.209e-35 1.503e-35 1.934e-35 2.597e-35 3.635e-35 5.262e-35
 7.777e-35 1.158e-34 1.716e-34 2.506e-34 3.579e-34 4.985e-34 6.770e-34 8.982e-34
 1.167e-33 1.489e-33 1.870e-33 2.317e-33 2.837e-33 3.437e-33 4.124e-33 4.900e-33
 5.768e-33 6.724e-33 7.761e-33 8.877e-33 1.007e-32 1.136e-32 1.277e-32 1.431e-32
 1.602e-32 1.790e-32 1.995e-32 2.215e-32 2.445e-32 2.682e-32 2.920e-32 3.153e-32
 3.379e-32 3.594e-32 3.797e-32 3.988e-32 4.168e-32 4.337e-32 4.497e-32 4.649e-32
 4.792e-32 4.926e-32 5.047e-32 5.150e-32 5.231e-32 5.281e-32 5.293e-32 5.260e-32
 5.177e-32 5.040e-32 4.854e-32 4.624e-32 4.360e-32 4.076e-32 3.784e-32 3.493e-32
 3.214e-32 2.952e-32 2.709e-32 2.489e-32 2.289e-32 2.109e-32 1.946e-32 1.800e-32
 1.668e-32 1.549e-32 1.442e-32 1.345e-32 1.258e-32 1.180e-32 1.110e-32 1.048e-32
 9.916e-33 9.419e-33 8.980e-33 8.596e-33 8.263e-33 7.980e-33 7.744e-33 7.553e-33
 7.407e-33 7.301e-33 7.235e-33 7.204e-33 7.207e-33 7.237e-33 7.289e-33 7.358e-33
 7.437e-33 7.521e-33 7.604e-33 7.681e-33 7.746e-33 7.796e-33 7.829e-33 7.844e-33
 7.845e-33 7.831e-33 7.806e-33 7.771e-33 7.730e-33 7.688e-33 7.655e-33 7.638e-33
 7.651e-33 7.716e-33 7.874e-33 8.175e-33 8.617e-33 9.108e-33 9.421e-33 9.274e-33
 8.563e-33 7.558e-33 6.727e-33 6.295e-33 6.113e-33 6.022e-33 5.957e-33 5.902e-33
 5.850e-33 5.802e-33 5.757e-33 5.719e-33 5.693e-33 5.701e-33 5.782e-33 5.978e-33
 6.298e-33 6.711e-33 7.143e-33 7.511e-33 7.757e-33 7.865e-33 7.857e-33 7.779e-33
 7.680e-33 7.599e-33 7.539e-33 7.495e-33 7.461e-33 7.433e-33 7.408e-33 7.380e-33
 7.350e-33 7.316e-33 7.281e-33 7.245e-33 7.209e-33 7.173e-33 7.138e-33 7.103e-33
 7.069e-33 7.036e-33 7.003e-33 6.970e-33 6.938e-33 6.906e-33 6.875e-33 6.843e-33
 6.812e-33 6.781e-33 6.750e-33 6.720e-33 6.690e-33 6.660e-33 6.630e-33 6.601e-33
 6.571e-33 6.542e-33 6.514e-33 6.485e-33 6.457e-33 6.429e-33 6.401e-33 6.373e-33
Lz[Wm**3] for tau[ms]=   10.0
 1.517e-39 3.541e-39 8.004e-39 1.748e-38 3.677e-38 7.430e-38 1.434e-37 2.619e-37
 4.474e-37 7.055e-37 1.017e-36 1.339e-36 1.628e-36 1.876e-36 2.119e-36 2.442e-36
 2.977e-36 3.930e-36 5.643e-36 8.697e-36 1.409e-35 2.344e-35 3.917e-35 6.430e-35
 1.021e-34 1.555e-34 2.273e-34 3.206e-34 4.387e-34 5.858e-34 7.668e-34 9.878e-34
 1.255e-33 1.576e-33 1.958e-33 2.411e-33 2.941e-33 3.557e-33 4.259e-33 5.043e-33
 5.902e-33 6.830e-33 7.833e-33 8.931e-33 1.015e-32 1.153e-32 1.310e-32 1.487e-32
 1.683e-32 1.895e-32 2.118e-32 2.347e-32 2.576e-32 2.801e-32 3.018e-32 3.224e-32
 3.418e-32 3.600e-32 3.770e-32 3.931e-32 4.083e-32 4.228e-32 4.363e-32 4.486e-32
 4.590e-32 4.664e-32 4.692e-32 4.652e-32 4.525e-32 4.298e-32 3.976e-32 3.582e-32
 3.150e-32 2.715e-32 2.305e-32 1.938e-32 1.621e-32 1.354e-32 1.133e-32 9.522e-33
 8.048e-33 6.852e-33 5.880e-33 5.089e-33 4.442e-33 3.912e-33 3.474e-33 3.109e-33
 2.805e-33 2.551e-33 2.337e-33 2.160e-33 2.012e-33 1.893e-33 1.798e-33 1.726e-33
 1.676e-33 1.647e-33 1.638e-33 1.649e-33 1.677e-33 1.723e-33 1.785e-33 1.861e-33
 1.947e-33 2.042e-33 2.141e-33 2.239e-33 2.332e-33 2.415e-33 2.482e-33 2.529e-33
 2.555e-33 2.557e-33 2.539e-33 2.501e-33 2.447e-33 2.381e-33 2.306e-33 2.226e-33
 2.144e-33 2.063e-33 1.983e-33 1.907e-33 1.835e-33 1.767e-33 1.706e-33 1.651e-33
 1.603e-33 1.565e-33 1.542e-33 1.537e-33 1.551e-33 1.574e-33 1.581e-33 1.539e-33
 1.437e-33 1.306e-33 1.197e-33 1.133e-33 1.097e-33 1.072e-33 1.052e-33 1.034e-33
 1.017e-33 1.001e-33 9.871e-34 9.744e-34 9.640e-34 9.578e-34 9.601e-34 9.754e-34
 1.005e-33 1.045e-33 1.089e-33 1.127e-33 1.152e-33 1.162e-33 1.160e-33 1.150e-33
 1.137e-33 1.128e-33 1.120e-33 1.115e-33 1.112e-33 1.109e-33 1.107e-33 1.105e-33
 1.103e-33 1.100e-33 1.098e-33 1.096e-33 1.095e-33 1.093e-33 1.092e-33 1.091e-33
 1.091e-33 1.090e-33 1.090e-33 1.090e-33 1.090e-33 1.090e-33 1.090e-33 1.090e-33
 1.091e-33 1.091e-33 1.092e-33 1.093e-33 1.094e-33 1.095e-33 1.096e-33 1.097e-33
 1.099e-33 1.100e-33 1.102e-33 1.104e-33 1.106e-33 1.108e-33 1.110e-33 1.112e-33
Lz[Wm**3] for tau[ms]=  100.0
 1.991e-39 4.811e-39 1.122e-38 2.516e-38 5.405e-38 1.103e-37 2.111e-37 3.710e-37
 5.837e-37 8.076e-37 9.863e-37 1.093e-36 1.148e-36 1.198e-36 1.307e-36 1.561e-36
 2.092e-36 3.127e-36 5.078e-36 8.687e-36 1.525e-35 2.673e-35 4.566e-35 7.457e-35
 1.158e-34 1.715e-34 2.443e-34 3.374e-34 4.546e-34 6.005e-34 7.804e-34 1.000e-33
 1.268e-33 1.589e-33 1.974e-33 2.432e-33 2.970e-33 3.594e-33 4.302e-33 5.086e-33
 5.937e-33 6.855e-33 7.852e-33 8.954e-33 1.019e-32 1.161e-32 1.321e-32 1.503e-32
 1.703e-32 1.918e-32 2.142e-32 2.370e-32 2.597e-32 2.818e-32 3.031e-32 3.232e-32
 3.421e-32 3.597e-32 3.763e-32 3.919e-32 4.068e-32 4.209e-32 4.339e-32 4.454e-32
 4.543e-32 4.591e-32 4.570e-32 4.452e-32 4.212e-32 3.849e-32 3.391e-32 2.889e-32
 2.394e-32 1.944e-32 1.560e-32 1.243e-32 9.901e-33 7.905e-33 6.343e-33 5.124e-33
 4.172e-33 3.427e-33 2.842e-33 2.380e-33 2.015e-33 1.725e-33 1.494e-33 1.310e-33
 1.163e-33 1.046e-33 9.535e-34 8.826e-34 8.303e-34 7.949e-34 7.754e-34 7.712e-34
 7.818e-34 8.068e-34 8.458e-34 8.983e-34 9.633e-34 1.040e-33 1.125e-33 1.218e-33
 1.313e-33 1.408e-33 1.497e-33 1.575e-33 1.635e-33 1.673e-33 1.685e-33 1.672e-33
 1.636e-33 1.580e-33 1.511e-33 1.433e-33 1.351e-33 1.269e-33 1.190e-33 1.114e-33
 1.044e-33 9.798e-34 9.210e-34 8.675e-34 8.191e-34 7.753e-34 7.358e-34 7.003e-34
 6.683e-34 6.399e-34 6.151e-34 5.942e-34 5.769e-34 5.622e-34 5.473e-34 5.287e-34
 5.053e-34 4.800e-34 4.579e-34 4.413e-34 4.284e-34 4.174e-34 4.074e-34 3.983e-34
 3.900e-34 3.824e-34 3.755e-34 3.692e-34 3.636e-34 3.589e-34 3.555e-34 3.538e-34
 3.539e-34 3.555e-34 3.578e-34 3.598e-34 3.608e-34 3.606e-34 3.594e-34 3.576e-34
 3.559e-34 3.547e-34 3.540e-34 3.536e-34 3.537e-34 3.541e-34 3.547e-34 3.555e-34
 3.566e-34 3.579e-34 3.595e-34 3.612e-34 3.632e-34 3.655e-34 3.680e-34 3.707e-34
 3.736e-34 3.765e-34 3.796e-34 3.827e-34 3.859e-34 3.890e-34 3.923e-34 3.957e-34
 3.993e-34 4.030e-34 4.068e-34 4.107e-34 4.147e-34 4.189e-34 4.231e-34 4.275e-34
 4.320e-34 4.366e-34 4.413e-34 4.461e-34 4.510e-34 4.560e-34 4.611e-34 4.663e-34
Lz[Wm**3] for tau[ms]= 1000.0
 2.089e-39 5.089e-39 1.197e-38 2.708e-38 5.863e-38 1.204e-37 2.306e-37 4.023e-37
 6.205e-37 8.320e-37 9.800e-37 1.051e-36 1.078e-36 1.110e-36 1.211e-36 1.464e-36
 2.001e-36 3.055e-36 5.052e-36 8.766e-36 1.554e-35 2.738e-35 4.678e-35 7.616e-35
 1.177e-34 1.736e-34 2.463e-34 3.393e-34 4.564e-34 6.021e-34 7.818e-34 1.002e-33
 1.269e-33 1.591e-33 1.976e-33 2.435e-33 2.974e-33 3.599e-33 4.308e-33 5.091e-33
 5.941e-33 6.858e-33 7.855e-33 8.957e-33 1.020e-32 1.161e-32 1.323e-32 1.505e-32
 1.706e-32 1.921e-32 2.145e-32 2.373e-32 2.599e-32 2.820e-32 3.032e-32 3.233e-32
 3.421e-32 3.597e-32 3.762e-32 3.918e-32 4.066e-32 4.207e-32 4.336e-32 4.450e-32
 4.538e-32 4.581e-32 4.553e-32 4.423e-32 4.167e-32 3.785e-32 3.310e-32 2.795e-32
 2.296e-32 1.848e-32 1.470e-32 1.162e-32 9.186e-33 7.279e-33 5.799e-33 4.652e-33
 3.761e-33 3.067e-33 2.524e-33 2.099e-33 1.765e-33 1.501e-33 1.292e-33 1.126e-33
 9.955e-34 8.927e-34 8.131e-34 7.532e-34 7.107e-34 6.839e-34 6.721e-34 6.747e-34
 6.914e-34 7.218e-34 7.655e-34 8.220e-34 8.903e-34 9.692e-34 1.057e-33 1.150e-33
 1.245e-33 1.339e-33 1.425e-33 1.498e-33 1.552e-33 1.582e-33 1.586e-33 1.565e-33
 1.520e-33 1.457e-33 1.383e-33 1.301e-33 1.218e-33 1.137e-33 1.059e-33 9.859e-34
 9.189e-34 8.579e-34 8.027e-34 7.529e-34 7.080e-34 6.676e-34 6.313e-34 5.984e-34
 5.687e-34 5.418e-34 5.174e-34 4.952e-34 4.752e-34 4.569e-34 4.401e-34 4.241e-34
 4.089e-34 3.945e-34 3.814e-34 3.697e-34 3.592e-34 3.496e-34 3.408e-34 3.327e-34
 3.254e-34 3.186e-34 3.125e-34 3.069e-34 3.018e-34 2.973e-34 2.934e-34 2.900e-34
 2.872e-34 2.849e-34 2.830e-34 2.814e-34 2.800e-34 2.787e-34 2.777e-34 2.768e-34
 2.762e-34 2.758e-34 2.757e-34 2.759e-34 2.763e-34 2.770e-34 2.779e-34 2.791e-34
 2.805e-34 2.822e-34 2.841e-34 2.862e-34 2.886e-34 2.912e-34 2.941e-34 2.972e-34
 3.004e-34 3.037e-34 3.070e-34 3.105e-34 3.139e-34 3.174e-34 3.210e-34 3.248e-34
 3.287e-34 3.326e-34 3.368e-34 3.410e-34 3.453e-34 3.498e-34 3.544e-34 3.590e-34
 3.638e-34 3.687e-34 3.737e-34 3.788e-34 3.840e-34 3.893e-34 3.947e-34 4.002e-34
Lz[Wm**3] in equilibrium - infinite confinement
 2.101e-39 5.124e-39 1.206e-38 2.733e-38 5.923e-38 1.217e-37 2.332e-37 4.064e-37
 6.253e-37 8.351e-37 9.793e-37 1.046e-36 1.070e-36 1.100e-36 1.200e-36 1.453e-36
 1.991e-36 3.047e-36 5.049e-36 8.776e-36 1.557e-35 2.746e-35 4.691e-35 7.635e-35
 1.179e-34 1.738e-34 2.466e-34 3.395e-34 4.565e-34 6.023e-34 7.820e-34 1.002e-33
 1.269e-33 1.591e-33 1.976e-33 2.435e-33 2.974e-33 3.600e-33 4.308e-33 5.092e-33
 5.941e-33 6.858e-33 7.855e-33 8.958e-33 1.020e-32 1.161e-32 1.323e-32 1.505e-32
 1.706e-32 1.921e-32 2.145e-32 2.373e-32 2.599e-32 2.820e-32 3.032e-32 3.233e-32
 3.421e-32 3.597e-32 3.762e-32 3.918e-32 4.066e-32 4.206e-32 4.336e-32 4.450e-32
 4.537e-32 4.580e-32 4.551e-32 4.420e-32 4.162e-32 3.778e-32 3.300e-32 2.785e-32
 2.284e-32 1.837e-32 1.460e-32 1.153e-32 9.105e-33 7.209e-33 5.738e-33 4.599e-33
 3.715e-33 3.026e-33 2.489e-33 2.068e-33 1.737e-33 1.476e-33 1.269e-33 1.106e-33
 9.768e-34 8.757e-34 7.975e-34 7.388e-34 6.974e-34 6.716e-34 6.606e-34 6.640e-34
 6.814e-34 7.123e-34 7.566e-34 8.135e-34 8.822e-34 9.613e-34 1.049e-33 1.142e-33
 1.238e-33 1.331e-33 1.417e-33 1.489e-33 1.542e-33 1.572e-33 1.575e-33 1.552e-33
 1.507e-33 1.443e-33 1.368e-33 1.286e-33 1.203e-33 1.122e-33 1.044e-33 9.713e-34
 9.048e-34 8.442e-34 7.894e-34 7.400e-34 6.955e-34 6.556e-34 6.195e-34 5.870e-34
 5.576e-34 5.308e-34 5.064e-34 4.842e-34 4.638e-34 4.452e-34 4.281e-34 4.125e-34
 3.981e-34 3.849e-34 3.728e-34 3.617e-34 3.514e-34 3.420e-34 3.334e-34 3.254e-34
 3.181e-34 3.115e-34 3.054e-34 2.999e-34 2.949e-34 2.905e-34 2.865e-34 2.829e-34
 2.798e-34 2.771e-34 2.747e-34 2.727e-34 2.710e-34 2.697e-34 2.686e-34 2.678e-34
 2.673e-34 2.670e-34 2.670e-34 2.672e-34 2.677e-34 2.684e-34 2.694e-34 2.706e-34
 2.721e-34 2.738e-34 2.758e-34 2.780e-34 2.804e-34 2.830e-34 2.858e-34 2.887e-34
 2.918e-34 2.951e-34 2.985e-34 3.021e-34 3.058e-34 3.096e-34 3.135e-34 3.175e-34
 3.215e-34 3.257e-34 3.300e-34 3.344e-34 3.388e-34 3.434e-34 3.481e-34 3.528e-34
 3.577e-34 3.626e-34 3.677e-34 3.728e-34 3.780e-34 3.834e-34 3.888e-34 3.943e-34
