Mean quadratic charge during dwell time tau at ne=1E20m**-3 and Te[1-10000eV]
** sqrt(<Z^2>)
ne=1E20m**-3
     200           5 # of Te values, dwell times
Te[eV]
 1.000e+00 1.047e+00 1.097e+00 1.149e+00 1.203e+00 1.260e+00 1.320e+00 1.383e+00
 1.448e+00 1.517e+00 1.589e+00 1.664e+00 1.743e+00 1.825e+00 1.912e+00 2.002e+00
 2.097e+00 2.196e+00 2.300e+00 2.409e+00 2.524e+00 2.643e+00 2.768e+00 2.899e+00
 3.037e+00 3.181e+00 3.331e+00 3.489e+00 3.654e+00 3.827e+00 4.009e+00 4.199e+00
 4.398e+00 4.606e+00 4.824e+00 5.053e+00 5.292e+00 5.543e+00 5.805e+00 6.080e+00
 6.368e+00 6.670e+00 6.986e+00 7.317e+00 7.663e+00 8.026e+00 8.407e+00 8.805e+00
 9.222e+00 9.659e+00 1.012e+01 1.060e+01 1.110e+01 1.162e+01 1.217e+01 1.275e+01
 1.335e+01 1.399e+01 1.465e+01 1.534e+01 1.607e+01 1.683e+01 1.763e+01 1.846e+01
 1.934e+01 2.026e+01 2.121e+01 2.222e+01 2.327e+01 2.437e+01 2.553e+01 2.674e+01
 2.801e+01 2.933e+01 3.072e+01 3.218e+01 3.370e+01 3.530e+01 3.697e+01 3.872e+01
 4.055e+01 4.248e+01 4.449e+01 4.660e+01 4.880e+01 5.111e+01 5.354e+01 5.607e+01
 5.873e+01 6.151e+01 6.442e+01 6.748e+01 7.067e+01 7.402e+01 7.753e+01 8.120e+01
 8.504e+01 8.907e+01 9.329e+01 9.771e+01 1.023e+02 1.072e+02 1.123e+02 1.176e+02
 1.232e+02 1.290e+02 1.351e+02 1.415e+02 1.482e+02 1.552e+02 1.626e+02 1.703e+02
 1.783e+02 1.868e+02 1.956e+02 2.049e+02 2.146e+02 2.248e+02 2.354e+02 2.466e+02
 2.583e+02 2.705e+02 2.833e+02 2.967e+02 3.108e+02 3.255e+02 3.409e+02 3.571e+02
 3.740e+02 3.917e+02 4.103e+02 4.297e+02 4.501e+02 4.714e+02 4.937e+02 5.171e+02
 5.416e+02 5.672e+02 5.941e+02 6.223e+02 6.517e+02 6.826e+02 7.149e+02 7.488e+02
 7.843e+02 8.214e+02 8.603e+02 9.011e+02 9.438e+02 9.885e+02 1.035e+03 1.084e+03
 1.136e+03 1.190e+03 1.246e+03 1.305e+03 1.367e+03 1.431e+03 1.499e+03 1.570e+03
 1.645e+03 1.723e+03 1.804e+03 1.890e+03 1.979e+03 2.073e+03 2.171e+03 2.274e+03
 2.382e+03 2.495e+03 2.613e+03 2.736e+03 2.866e+03 3.002e+03 3.144e+03 3.293e+03
 3.449e+03 3.612e+03 3.783e+03 3.963e+03 4.150e+03 4.347e+03 4.553e+03 4.769e+03
 4.995e+03 5.231e+03 5.479e+03 5.738e+03 6.010e+03 6.295e+03 6.593e+03 6.906e+03
 7.233e+03 7.575e+03 7.934e+03 8.310e+03 8.704e+03 9.116e+03 9.548e+03 1.000e+04
sqrt(<Z^2>) for tau[ms]=    0.1
 3.886e-03 5.364e-03 7.401e-03 1.021e-02 1.408e-02 1.943e-02 2.679e-02 3.607e-02
 4.546e-02 5.728e-02 7.217e-02 9.089e-02 1.144e-01 1.438e-01 1.769e-01 2.131e-01
 2.563e-01 3.073e-01 3.668e-01 4.351e-01 5.119e-01 5.763e-01 6.387e-01 7.029e-01
 7.680e-01 8.338e-01 9.013e-01 9.724e-01 1.032e+00 1.099e+00 1.175e+00 1.262e+00
 1.358e+00 1.462e+00 1.561e+00 1.641e+00 1.719e+00 1.796e+00 1.873e+00 1.952e+00
 2.037e+00 2.115e+00 2.189e+00 2.270e+00 2.357e+00 2.448e+00 2.543e+00 2.640e+00
 2.715e+00 2.787e+00 2.862e+00 2.939e+00 3.021e+00 3.111e+00 3.206e+00 3.284e+00
 3.369e+00 3.459e+00 3.556e+00 3.659e+00 3.770e+00 3.876e+00 3.968e+00 4.066e+00
 4.169e+00 4.277e+00 4.392e+00 4.513e+00 4.618e+00 4.715e+00 4.815e+00 4.919e+00
 5.024e+00 5.133e+00 5.243e+00 5.330e+00 5.417e+00 5.505e+00 5.596e+00 5.689e+00
 5.786e+00 5.884e+00 5.968e+00 6.055e+00 6.147e+00 6.244e+00 6.345e+00 6.451e+00
 6.551e+00 6.639e+00 6.730e+00 6.821e+00 6.913e+00 7.003e+00 7.092e+00 7.164e+00
 7.229e+00 7.291e+00 7.352e+00 7.411e+00 7.469e+00 7.526e+00 7.570e+00 7.615e+00
 7.660e+00 7.708e+00 7.759e+00 7.813e+00 7.868e+00 7.915e+00 7.965e+00 8.019e+00
 8.078e+00 8.141e+00 8.209e+00 8.273e+00 8.332e+00 8.394e+00 8.461e+00 8.531e+00
 8.606e+00 8.685e+00 8.752e+00 8.817e+00 8.885e+00 8.955e+00 9.029e+00 9.107e+00
 9.186e+00 9.248e+00 9.311e+00 9.377e+00 9.444e+00 9.514e+00 9.587e+00 9.654e+00
 9.709e+00 9.766e+00 9.823e+00 9.882e+00 9.943e+00 1.000e+01 1.006e+01 1.010e+01
 1.015e+01 1.020e+01 1.024e+01 1.029e+01 1.034e+01 1.038e+01 1.041e+01 1.045e+01
 1.048e+01 1.052e+01 1.055e+01 1.059e+01 1.061e+01 1.063e+01 1.066e+01 1.068e+01
 1.070e+01 1.073e+01 1.075e+01 1.076e+01 1.077e+01 1.079e+01 1.080e+01 1.081e+01
 1.082e+01 1.083e+01 1.083e+01 1.084e+01 1.084e+01 1.084e+01 1.085e+01 1.085e+01
 1.084e+01 1.084e+01 1.083e+01 1.083e+01 1.082e+01 1.082e+01 1.081e+01 1.080e+01
 1.079e+01 1.077e+01 1.076e+01 1.075e+01 1.074e+01 1.072e+01 1.070e+01 1.068e+01
 1.067e+01 1.065e+01 1.063e+01 1.061e+01 1.059e+01 1.056e+01 1.054e+01 1.051e+01
sqrt(<Z^2>) for tau[ms]=    1.0
 1.203e-02 1.673e-02 2.320e-02 3.211e-02 4.437e-02 6.125e-02 8.445e-02 1.136e-01
 1.429e-01 1.794e-01 2.248e-01 2.806e-01 3.483e-01 4.286e-01 5.118e-01 5.940e-01
 6.787e-01 7.612e-01 8.367e-01 9.034e-01 9.652e-01 1.017e+00 1.074e+00 1.145e+00
 1.235e+00 1.345e+00 1.471e+00 1.602e+00 1.696e+00 1.782e+00 1.857e+00 1.925e+00
 1.992e+00 2.067e+00 2.148e+00 2.226e+00 2.317e+00 2.417e+00 2.523e+00 2.627e+00
 2.725e+00 2.800e+00 2.861e+00 2.921e+00 2.984e+00 3.052e+00 3.129e+00 3.219e+00
 3.297e+00 3.380e+00 3.471e+00 3.568e+00 3.673e+00 3.786e+00 3.905e+00 4.006e+00
 4.115e+00 4.233e+00 4.361e+00 4.501e+00 4.653e+00 4.801e+00 4.931e+00 5.066e+00
 5.204e+00 5.343e+00 5.483e+00 5.625e+00 5.748e+00 5.863e+00 5.982e+00 6.106e+00
 6.238e+00 6.379e+00 6.527e+00 6.654e+00 6.783e+00 6.916e+00 7.050e+00 7.182e+00
 7.308e+00 7.420e+00 7.504e+00 7.578e+00 7.643e+00 7.699e+00 7.748e+00 7.791e+00
 7.827e+00 7.857e+00 7.887e+00 7.919e+00 7.954e+00 7.995e+00 8.043e+00 8.090e+00
 8.141e+00 8.202e+00 8.272e+00 8.355e+00 8.451e+00 8.562e+00 8.658e+00 8.763e+00
 8.879e+00 9.006e+00 9.145e+00 9.295e+00 9.447e+00 9.578e+00 9.716e+00 9.860e+00
 1.001e+01 1.017e+01 1.034e+01 1.049e+01 1.063e+01 1.077e+01 1.092e+01 1.107e+01
 1.124e+01 1.140e+01 1.155e+01 1.169e+01 1.183e+01 1.197e+01 1.212e+01 1.228e+01
 1.243e+01 1.255e+01 1.268e+01 1.281e+01 1.293e+01 1.306e+01 1.319e+01 1.331e+01
 1.341e+01 1.351e+01 1.361e+01 1.371e+01 1.381e+01 1.390e+01 1.398e+01 1.405e+01
 1.412e+01 1.419e+01 1.426e+01 1.433e+01 1.439e+01 1.444e+01 1.449e+01 1.453e+01
 1.457e+01 1.462e+01 1.466e+01 1.470e+01 1.473e+01 1.476e+01 1.479e+01 1.482e+01
 1.485e+01 1.488e+01 1.490e+01 1.492e+01 1.494e+01 1.496e+01 1.498e+01 1.500e+01
 1.502e+01 1.504e+01 1.505e+01 1.506e+01 1.508e+01 1.509e+01 1.511e+01 1.512e+01
 1.513e+01 1.514e+01 1.515e+01 1.516e+01 1.517e+01 1.518e+01 1.519e+01 1.520e+01
 1.520e+01 1.521e+01 1.522e+01 1.522e+01 1.523e+01 1.523e+01 1.524e+01 1.524e+01
 1.524e+01 1.524e+01 1.525e+01 1.525e+01 1.525e+01 1.524e+01 1.524e+01 1.524e+01
sqrt(<Z^2>) for tau[ms]=   10.0
 3.130e-02 4.630e-02 6.703e-02 9.546e-02 1.342e-01 1.868e-01 2.574e-01 3.423e-01
 4.229e-01 5.150e-01 6.151e-01 7.156e-01 8.063e-01 8.788e-01 9.284e-01 9.652e-01
 1.002e+00 1.049e+00 1.116e+00 1.215e+00 1.352e+00 1.483e+00 1.610e+00 1.728e+00
 1.822e+00 1.893e+00 1.947e+00 1.993e+00 2.030e+00 2.074e+00 2.130e+00 2.201e+00
 2.289e+00 2.392e+00 2.495e+00 2.578e+00 2.657e+00 2.731e+00 2.797e+00 2.856e+00
 2.912e+00 2.958e+00 3.001e+00 3.049e+00 3.105e+00 3.171e+00 3.249e+00 3.340e+00
 3.421e+00 3.505e+00 3.596e+00 3.693e+00 3.798e+00 3.913e+00 4.035e+00 4.141e+00
 4.257e+00 4.386e+00 4.527e+00 4.682e+00 4.850e+00 5.015e+00 5.163e+00 5.316e+00
 5.475e+00 5.644e+00 5.826e+00 6.029e+00 6.225e+00 6.423e+00 6.639e+00 6.864e+00
 7.087e+00 7.293e+00 7.468e+00 7.584e+00 7.676e+00 7.748e+00 7.804e+00 7.848e+00
 7.882e+00 7.908e+00 7.925e+00 7.941e+00 7.956e+00 7.971e+00 7.988e+00 8.009e+00
 8.032e+00 8.057e+00 8.089e+00 8.129e+00 8.181e+00 8.247e+00 8.329e+00 8.414e+00
 8.506e+00 8.612e+00 8.733e+00 8.870e+00 9.023e+00 9.192e+00 9.337e+00 9.491e+00
 9.654e+00 9.825e+00 1.000e+01 1.019e+01 1.036e+01 1.052e+01 1.068e+01 1.084e+01
 1.101e+01 1.120e+01 1.140e+01 1.160e+01 1.179e+01 1.200e+01 1.223e+01 1.248e+01
 1.276e+01 1.306e+01 1.333e+01 1.359e+01 1.385e+01 1.409e+01 1.433e+01 1.455e+01
 1.474e+01 1.488e+01 1.501e+01 1.512e+01 1.522e+01 1.530e+01 1.538e+01 1.544e+01
 1.549e+01 1.553e+01 1.557e+01 1.560e+01 1.563e+01 1.566e+01 1.569e+01 1.571e+01
 1.572e+01 1.574e+01 1.576e+01 1.578e+01 1.580e+01 1.581e+01 1.583e+01 1.584e+01
 1.586e+01 1.588e+01 1.590e+01 1.593e+01 1.595e+01 1.597e+01 1.600e+01 1.602e+01
 1.606e+01 1.609e+01 1.613e+01 1.616e+01 1.620e+01 1.624e+01 1.628e+01 1.632e+01
 1.637e+01 1.641e+01 1.646e+01 1.650e+01 1.654e+01 1.659e+01 1.664e+01 1.669e+01
 1.673e+01 1.677e+01 1.681e+01 1.685e+01 1.689e+01 1.693e+01 1.697e+01 1.700e+01
 1.703e+01 1.706e+01 1.709e+01 1.712e+01 1.715e+01 1.718e+01 1.720e+01 1.722e+01
 1.724e+01 1.726e+01 1.728e+01 1.730e+01 1.731e+01 1.732e+01 1.734e+01 1.735e+01
sqrt(<Z^2>) for tau[ms]=  100.0
 4.359e-02 7.291e-02 1.202e-01 1.931e-01 2.984e-01 4.371e-01 5.980e-01 7.436e-01
 8.373e-01 9.020e-01 9.421e-01 9.664e-01 9.823e-01 9.962e-01 1.014e+00 1.042e+00
 1.095e+00 1.189e+00 1.336e+00 1.520e+00 1.699e+00 1.805e+00 1.876e+00 1.926e+00
 1.961e+00 1.988e+00 2.015e+00 2.048e+00 2.079e+00 2.123e+00 2.180e+00 2.255e+00
 2.346e+00 2.449e+00 2.548e+00 2.625e+00 2.699e+00 2.765e+00 2.825e+00 2.879e+00
 2.930e+00 2.974e+00 3.015e+00 3.062e+00 3.117e+00 3.183e+00 3.261e+00 3.352e+00
 3.433e+00 3.517e+00 3.608e+00 3.706e+00 3.811e+00 3.925e+00 4.047e+00 4.154e+00
 4.272e+00 4.401e+00 4.543e+00 4.700e+00 4.871e+00 5.038e+00 5.188e+00 5.346e+00
 5.513e+00 5.695e+00 5.902e+00 6.144e+00 6.386e+00 6.632e+00 6.889e+00 7.137e+00
 7.356e+00 7.535e+00 7.671e+00 7.754e+00 7.815e+00 7.861e+00 7.896e+00 7.922e+00
 7.942e+00 7.957e+00 7.967e+00 7.977e+00 7.987e+00 7.999e+00 8.013e+00 8.032e+00
 8.055e+00 8.080e+00 8.113e+00 8.156e+00 8.211e+00 8.282e+00 8.369e+00 8.459e+00
 8.557e+00 8.669e+00 8.797e+00 8.941e+00 9.100e+00 9.276e+00 9.427e+00 9.586e+00
 9.753e+00 9.928e+00 1.011e+01 1.029e+01 1.047e+01 1.063e+01 1.079e+01 1.095e+01
 1.113e+01 1.132e+01 1.153e+01 1.174e+01 1.195e+01 1.218e+01 1.245e+01 1.277e+01
 1.312e+01 1.350e+01 1.384e+01 1.416e+01 1.445e+01 1.472e+01 1.494e+01 1.514e+01
 1.529e+01 1.540e+01 1.548e+01 1.556e+01 1.562e+01 1.567e+01 1.572e+01 1.575e+01
 1.578e+01 1.580e+01 1.582e+01 1.584e+01 1.585e+01 1.587e+01 1.588e+01 1.589e+01
 1.590e+01 1.591e+01 1.593e+01 1.594e+01 1.596e+01 1.597e+01 1.599e+01 1.600e+01
 1.603e+01 1.605e+01 1.608e+01 1.611e+01 1.614e+01 1.618e+01 1.622e+01 1.627e+01
 1.632e+01 1.638e+01 1.644e+01 1.650e+01 1.656e+01 1.662e+01 1.669e+01 1.677e+01
 1.685e+01 1.692e+01 1.698e+01 1.705e+01 1.711e+01 1.717e+01 1.724e+01 1.729e+01
 1.734e+01 1.739e+01 1.743e+01 1.748e+01 1.752e+01 1.755e+01 1.759e+01 1.761e+01
 1.764e+01 1.766e+01 1.769e+01 1.771e+01 1.773e+01 1.774e+01 1.776e+01 1.777e+01
 1.779e+01 1.780e+01 1.781e+01 1.782e+01 1.783e+01 1.784e+01 1.784e+01 1.785e+01
sqrt(<Z^2>) for tau[ms]= 1000.0
 4.498e-02 7.658e-02 1.298e-01 2.174e-01 3.537e-01 5.388e-01 7.328e-01 8.685e-01
 9.342e-01 9.684e-01 9.851e-01 9.937e-01 9.996e-01 1.008e+00 1.022e+00 1.050e+00
 1.107e+00 1.212e+00 1.373e+00 1.568e+00 1.745e+00 1.842e+00 1.904e+00 1.945e+00
 1.975e+00 1.998e+00 2.022e+00 2.053e+00 2.084e+00 2.127e+00 2.185e+00 2.260e+00
 2.351e+00 2.455e+00 2.553e+00 2.630e+00 2.703e+00 2.769e+00 2.828e+00 2.882e+00
 2.932e+00 2.975e+00 3.016e+00 3.063e+00 3.119e+00 3.184e+00 3.262e+00 3.354e+00
 3.434e+00 3.518e+00 3.609e+00 3.707e+00 3.812e+00 3.926e+00 4.049e+00 4.156e+00
 4.273e+00 4.402e+00 4.545e+00 4.702e+00 4.872e+00 5.040e+00 5.191e+00 5.349e+00
 5.517e+00 5.701e+00 5.910e+00 6.157e+00 6.404e+00 6.655e+00 6.916e+00 7.165e+00
 7.383e+00 7.559e+00 7.691e+00 7.770e+00 7.829e+00 7.872e+00 7.905e+00 7.929e+00
 7.948e+00 7.962e+00 7.972e+00 7.981e+00 7.990e+00 8.002e+00 8.016e+00 8.034e+00
 8.057e+00 8.083e+00 8.116e+00 8.159e+00 8.214e+00 8.285e+00 8.373e+00 8.464e+00
 8.562e+00 8.675e+00 8.803e+00 8.948e+00 9.108e+00 9.284e+00 9.435e+00 9.595e+00
 9.763e+00 9.938e+00 1.012e+01 1.030e+01 1.048e+01 1.064e+01 1.080e+01 1.096e+01
 1.114e+01 1.133e+01 1.154e+01 1.175e+01 1.196e+01 1.220e+01 1.248e+01 1.280e+01
 1.315e+01 1.355e+01 1.389e+01 1.421e+01 1.451e+01 1.478e+01 1.501e+01 1.520e+01
 1.535e+01 1.545e+01 1.553e+01 1.560e+01 1.566e+01 1.571e+01 1.575e+01 1.578e+01
 1.580e+01 1.582e+01 1.584e+01 1.586e+01 1.587e+01 1.589e+01 1.590e+01 1.591e+01
 1.592e+01 1.593e+01 1.594e+01 1.596e+01 1.597e+01 1.599e+01 1.600e+01 1.602e+01
 1.604e+01 1.607e+01 1.610e+01 1.613e+01 1.616e+01 1.620e+01 1.624e+01 1.629e+01
 1.635e+01 1.641e+01 1.647e+01 1.653e+01 1.660e+01 1.667e+01 1.675e+01 1.682e+01
 1.690e+01 1.698e+01 1.704e+01 1.711e+01 1.718e+01 1.724e+01 1.730e+01 1.736e+01
 1.741e+01 1.746e+01 1.750e+01 1.754e+01 1.758e+01 1.762e+01 1.765e+01 1.768e+01
 1.770e+01 1.773e+01 1.775e+01 1.777e+01 1.779e+01 1.780e+01 1.782e+01 1.783e+01
 1.784e+01 1.785e+01 1.786e+01 1.787e+01 1.788e+01 1.789e+01 1.789e+01 1.790e+01
