Mean quadratic charge during dwell time tau at ne=1E20m**-3 and Te[1-10000eV]
** sqrt(<Z^2>)
ne=1E20m**-3
     200           5 # of Te values, dwell times
Te[eV]
 1.000e+00 1.047e+00 1.097e+00 1.149e+00 1.203e+00 1.260e+00 1.320e+00 1.383e+00
 1.448e+00 1.517e+00 1.589e+00 1.664e+00 1.743e+00 1.825e+00 1.912e+00 2.002e+00
 2.097e+00 2.196e+00 2.300e+00 2.409e+00 2.524e+00 2.643e+00 2.768e+00 2.899e+00
 3.037e+00 3.181e+00 3.331e+00 3.489e+00 3.654e+00 3.827e+00 4.009e+00 4.199e+00
 4.398e+00 4.606e+00 4.824e+00 5.053e+00 5.292e+00 5.543e+00 5.805e+00 6.080e+00
 6.368e+00 6.670e+00 6.986e+00 7.317e+00 7.663e+00 8.026e+00 8.407e+00 8.805e+00
 9.222e+00 9.659e+00 1.012e+01 1.060e+01 1.110e+01 1.162e+01 1.217e+01 1.275e+01
 1.335e+01 1.399e+01 1.465e+01 1.534e+01 1.607e+01 1.683e+01 1.763e+01 1.846e+01
 1.934e+01 2.026e+01 2.121e+01 2.222e+01 2.327e+01 2.437e+01 2.553e+01 2.674e+01
 2.801e+01 2.933e+01 3.072e+01 3.218e+01 3.370e+01 3.530e+01 3.697e+01 3.872e+01
 4.055e+01 4.248e+01 4.449e+01 4.660e+01 4.880e+01 5.111e+01 5.354e+01 5.607e+01
 5.873e+01 6.151e+01 6.442e+01 6.748e+01 7.067e+01 7.402e+01 7.753e+01 8.120e+01
 8.504e+01 8.907e+01 9.329e+01 9.771e+01 1.023e+02 1.072e+02 1.123e+02 1.176e+02
 1.232e+02 1.290e+02 1.351e+02 1.415e+02 1.482e+02 1.552e+02 1.626e+02 1.703e+02
 1.783e+02 1.868e+02 1.956e+02 2.049e+02 2.146e+02 2.248e+02 2.354e+02 2.466e+02
 2.583e+02 2.705e+02 2.833e+02 2.967e+02 3.108e+02 3.255e+02 3.409e+02 3.571e+02
 3.740e+02 3.917e+02 4.103e+02 4.297e+02 4.501e+02 4.714e+02 4.937e+02 5.171e+02
 5.416e+02 5.672e+02 5.941e+02 6.223e+02 6.517e+02 6.826e+02 7.149e+02 7.488e+02
 7.843e+02 8.214e+02 8.603e+02 9.011e+02 9.438e+02 9.885e+02 1.035e+03 1.084e+03
 1.136e+03 1.190e+03 1.246e+03 1.305e+03 1.367e+03 1.431e+03 1.499e+03 1.570e+03
 1.645e+03 1.723e+03 1.804e+03 1.890e+03 1.979e+03 2.073e+03 2.171e+03 2.274e+03
 2.382e+03 2.495e+03 2.613e+03 2.736e+03 2.866e+03 3.002e+03 3.144e+03 3.293e+03
 3.449e+03 3.612e+03 3.783e+03 3.963e+03 4.150e+03 4.347e+03 4.553e+03 4.769e+03
 4.995e+03 5.231e+03 5.479e+03 5.738e+03 6.010e+03 6.295e+03 6.593e+03 6.906e+03
 7.233e+03 7.575e+03 7.934e+03 8.310e+03 8.704e+03 9.116e+03 9.548e+03 1.000e+04
sqrt(<Z^2>) for tau[ms]=    0.1
 1.420e-01 1.713e-01 2.062e-01 2.477e-01 2.967e-01 3.538e-01 4.193e-01 4.928e-01
 5.725e-01 6.494e-01 7.065e-01 7.607e-01 8.097e-01 8.522e-01 8.873e-01 9.156e-01
 9.325e-01 9.473e-01 9.611e-01 9.748e-01 9.897e-01 1.007e+00 1.030e+00 1.061e+00
 1.098e+00 1.131e+00 1.171e+00 1.218e+00 1.273e+00 1.336e+00 1.407e+00 1.482e+00
 1.560e+00 1.637e+00 1.710e+00 1.772e+00 1.811e+00 1.848e+00 1.881e+00 1.914e+00
 1.947e+00 1.982e+00 2.022e+00 2.056e+00 2.093e+00 2.136e+00 2.186e+00 2.242e+00
 2.306e+00 2.376e+00 2.447e+00 2.503e+00 2.561e+00 2.620e+00 2.680e+00 2.741e+00
 2.803e+00 2.866e+00 2.931e+00 2.990e+00 3.040e+00 3.093e+00 3.149e+00 3.207e+00
 3.267e+00 3.324e+00 3.369e+00 3.414e+00 3.460e+00 3.504e+00 3.547e+00 3.589e+00
 3.628e+00 3.666e+00 3.694e+00 3.715e+00 3.735e+00 3.754e+00 3.771e+00 3.787e+00
 3.803e+00 3.817e+00 3.830e+00 3.842e+00 3.853e+00 3.862e+00 3.869e+00 3.875e+00
 3.881e+00 3.888e+00 3.894e+00 3.900e+00 3.905e+00 3.910e+00 3.915e+00 3.920e+00
 3.925e+00 3.932e+00 3.939e+00 3.947e+00 3.954e+00 3.961e+00 3.970e+00 3.979e+00
 3.989e+00 4.001e+00 4.014e+00 4.029e+00 4.047e+00 4.062e+00 4.078e+00 4.095e+00
 4.114e+00 4.135e+00 4.158e+00 4.179e+00 4.198e+00 4.219e+00 4.241e+00 4.264e+00
 4.289e+00 4.315e+00 4.342e+00 4.371e+00 4.394e+00 4.415e+00 4.436e+00 4.458e+00
 4.481e+00 4.505e+00 4.529e+00 4.554e+00 4.579e+00 4.605e+00 4.632e+00 4.653e+00
 4.671e+00 4.690e+00 4.709e+00 4.728e+00 4.747e+00 4.767e+00 4.784e+00 4.797e+00
 4.811e+00 4.825e+00 4.839e+00 4.853e+00 4.867e+00 4.881e+00 4.892e+00 4.901e+00
 4.910e+00 4.919e+00 4.929e+00 4.938e+00 4.948e+00 4.957e+00 4.966e+00 4.972e+00
 4.978e+00 4.984e+00 4.990e+00 4.995e+00 5.001e+00 5.005e+00 5.009e+00 5.012e+00
 5.016e+00 5.020e+00 5.023e+00 5.027e+00 5.030e+00 5.034e+00 5.035e+00 5.036e+00
 5.037e+00 5.038e+00 5.040e+00 5.041e+00 5.042e+00 5.043e+00 5.044e+00 5.045e+00
 5.046e+00 5.046e+00 5.046e+00 5.045e+00 5.045e+00 5.045e+00 5.044e+00 5.044e+00
 5.043e+00 5.042e+00 5.041e+00 5.040e+00 5.039e+00 5.037e+00 5.036e+00 5.035e+00
sqrt(<Z^2>) for tau[ms]=    1.0
 4.098e-01 4.832e-01 5.628e-01 6.454e-01 7.259e-01 7.985e-01 8.580e-01 9.026e-01
 9.340e-01 9.545e-01 9.661e-01 9.755e-01 9.838e-01 9.921e-01 1.002e+00 1.016e+00
 1.031e+00 1.052e+00 1.083e+00 1.125e+00 1.184e+00 1.261e+00 1.357e+00 1.470e+00
 1.578e+00 1.652e+00 1.720e+00 1.780e+00 1.831e+00 1.872e+00 1.905e+00 1.934e+00
 1.960e+00 1.987e+00 2.019e+00 2.058e+00 2.094e+00 2.140e+00 2.198e+00 2.268e+00
 2.352e+00 2.446e+00 2.548e+00 2.625e+00 2.698e+00 2.769e+00 2.837e+00 2.904e+00
 2.972e+00 3.045e+00 3.121e+00 3.184e+00 3.253e+00 3.327e+00 3.405e+00 3.485e+00
 3.564e+00 3.639e+00 3.706e+00 3.757e+00 3.794e+00 3.825e+00 3.852e+00 3.875e+00
 3.895e+00 3.910e+00 3.920e+00 3.929e+00 3.937e+00 3.944e+00 3.951e+00 3.956e+00
 3.961e+00 3.965e+00 3.969e+00 3.971e+00 3.973e+00 3.975e+00 3.977e+00 3.979e+00
 3.981e+00 3.982e+00 3.984e+00 3.986e+00 3.989e+00 3.992e+00 3.995e+00 3.999e+00
 4.004e+00 4.010e+00 4.019e+00 4.031e+00 4.045e+00 4.059e+00 4.076e+00 4.097e+00
 4.123e+00 4.153e+00 4.190e+00 4.234e+00 4.278e+00 4.318e+00 4.363e+00 4.412e+00
 4.465e+00 4.522e+00 4.584e+00 4.650e+00 4.720e+00 4.779e+00 4.835e+00 4.892e+00
 4.951e+00 5.012e+00 5.074e+00 5.129e+00 5.175e+00 5.222e+00 5.269e+00 5.315e+00
 5.361e+00 5.406e+00 5.449e+00 5.491e+00 5.522e+00 5.548e+00 5.573e+00 5.597e+00
 5.620e+00 5.642e+00 5.663e+00 5.683e+00 5.702e+00 5.720e+00 5.737e+00 5.749e+00
 5.759e+00 5.769e+00 5.779e+00 5.787e+00 5.796e+00 5.804e+00 5.811e+00 5.816e+00
 5.822e+00 5.827e+00 5.832e+00 5.836e+00 5.841e+00 5.845e+00 5.848e+00 5.851e+00
 5.854e+00 5.857e+00 5.859e+00 5.862e+00 5.864e+00 5.867e+00 5.869e+00 5.871e+00
 5.872e+00 5.874e+00 5.875e+00 5.877e+00 5.878e+00 5.879e+00 5.880e+00 5.881e+00
 5.882e+00 5.883e+00 5.884e+00 5.885e+00 5.886e+00 5.887e+00 5.887e+00 5.888e+00
 5.888e+00 5.889e+00 5.889e+00 5.889e+00 5.890e+00 5.890e+00 5.891e+00 5.891e+00
 5.892e+00 5.892e+00 5.892e+00 5.892e+00 5.892e+00 5.893e+00 5.893e+00 5.893e+00
 5.893e+00 5.893e+00 5.893e+00 5.893e+00 5.893e+00 5.893e+00 5.893e+00 5.893e+00
sqrt(<Z^2>) for tau[ms]=   10.0
 7.315e-01 8.009e-01 8.573e-01 9.005e-01 9.320e-01 9.542e-01 9.695e-01 9.801e-01
 9.876e-01 9.932e-01 9.977e-01 1.003e+00 1.012e+00 1.027e+00 1.053e+00 1.098e+00
 1.147e+00 1.214e+00 1.300e+00 1.403e+00 1.515e+00 1.627e+00 1.726e+00 1.808e+00
 1.865e+00 1.897e+00 1.923e+00 1.944e+00 1.962e+00 1.980e+00 1.999e+00 2.022e+00
 2.056e+00 2.106e+00 2.179e+00 2.272e+00 2.355e+00 2.447e+00 2.544e+00 2.642e+00
 2.735e+00 2.824e+00 2.912e+00 2.980e+00 3.053e+00 3.134e+00 3.226e+00 3.329e+00
 3.438e+00 3.546e+00 3.641e+00 3.706e+00 3.762e+00 3.810e+00 3.850e+00 3.882e+00
 3.908e+00 3.928e+00 3.944e+00 3.956e+00 3.963e+00 3.970e+00 3.975e+00 3.979e+00
 3.983e+00 3.986e+00 3.987e+00 3.989e+00 3.990e+00 3.992e+00 3.993e+00 3.994e+00
 3.994e+00 3.995e+00 3.996e+00 3.996e+00 3.997e+00 3.997e+00 3.998e+00 4.000e+00
 4.002e+00 4.005e+00 4.009e+00 4.017e+00 4.029e+00 4.044e+00 4.060e+00 4.082e+00
 4.112e+00 4.150e+00 4.199e+00 4.260e+00 4.330e+00 4.391e+00 4.458e+00 4.532e+00
 4.612e+00 4.698e+00 4.791e+00 4.889e+00 4.978e+00 5.055e+00 5.135e+00 5.216e+00
 5.299e+00 5.381e+00 5.461e+00 5.536e+00 5.605e+00 5.656e+00 5.698e+00 5.736e+00
 5.769e+00 5.799e+00 5.826e+00 5.846e+00 5.861e+00 5.875e+00 5.888e+00 5.899e+00
 5.910e+00 5.919e+00 5.927e+00 5.934e+00 5.939e+00 5.944e+00 5.948e+00 5.951e+00
 5.955e+00 5.958e+00 5.960e+00 5.963e+00 5.966e+00 5.968e+00 5.970e+00 5.972e+00
 5.973e+00 5.974e+00 5.975e+00 5.976e+00 5.978e+00 5.979e+00 5.979e+00 5.980e+00
 5.981e+00 5.981e+00 5.982e+00 5.982e+00 5.983e+00 5.983e+00 5.984e+00 5.984e+00
 5.985e+00 5.985e+00 5.985e+00 5.986e+00 5.986e+00 5.986e+00 5.986e+00 5.987e+00
 5.987e+00 5.987e+00 5.987e+00 5.987e+00 5.987e+00 5.988e+00 5.988e+00 5.988e+00
 5.988e+00 5.988e+00 5.988e+00 5.988e+00 5.988e+00 5.988e+00 5.989e+00 5.989e+00
 5.989e+00 5.989e+00 5.989e+00 5.989e+00 5.989e+00 5.989e+00 5.989e+00 5.989e+00
 5.989e+00 5.989e+00 5.989e+00 5.989e+00 5.989e+00 5.989e+00 5.989e+00 5.989e+00
 5.989e+00 5.989e+00 5.989e+00 5.989e+00 5.989e+00 5.989e+00 5.989e+00 5.989e+00
sqrt(<Z^2>) for tau[ms]=  100.0
 7.884e-01 8.488e-01 8.953e-01 9.292e-01 9.530e-01 9.693e-01 9.802e-01 9.875e-01
 9.929e-01 9.973e-01 1.001e+00 1.007e+00 1.017e+00 1.035e+00 1.067e+00 1.122e+00
 1.181e+00 1.260e+00 1.357e+00 1.468e+00 1.582e+00 1.688e+00 1.778e+00 1.848e+00
 1.896e+00 1.922e+00 1.943e+00 1.960e+00 1.976e+00 1.992e+00 2.011e+00 2.036e+00
 2.074e+00 2.132e+00 2.216e+00 2.321e+00 2.410e+00 2.507e+00 2.607e+00 2.703e+00
 2.796e+00 2.886e+00 2.980e+00 3.057e+00 3.142e+00 3.238e+00 3.343e+00 3.453e+00
 3.562e+00 3.662e+00 3.743e+00 3.796e+00 3.840e+00 3.875e+00 3.904e+00 3.927e+00
 3.944e+00 3.958e+00 3.968e+00 3.975e+00 3.980e+00 3.984e+00 3.987e+00 3.989e+00
 3.991e+00 3.993e+00 3.994e+00 3.995e+00 3.996e+00 3.996e+00 3.997e+00 3.997e+00
 3.998e+00 3.998e+00 3.999e+00 3.999e+00 4.000e+00 4.001e+00 4.002e+00 4.004e+00
 4.008e+00 4.014e+00 4.024e+00 4.041e+00 4.067e+00 4.099e+00 4.132e+00 4.176e+00
 4.229e+00 4.295e+00 4.374e+00 4.464e+00 4.558e+00 4.634e+00 4.715e+00 4.803e+00
 4.898e+00 5.000e+00 5.108e+00 5.221e+00 5.319e+00 5.400e+00 5.478e+00 5.551e+00
 5.619e+00 5.680e+00 5.734e+00 5.780e+00 5.820e+00 5.848e+00 5.871e+00 5.890e+00
 5.907e+00 5.921e+00 5.933e+00 5.942e+00 5.949e+00 5.956e+00 5.961e+00 5.966e+00
 5.970e+00 5.974e+00 5.977e+00 5.980e+00 5.982e+00 5.983e+00 5.985e+00 5.986e+00
 5.988e+00 5.989e+00 5.990e+00 5.991e+00 5.991e+00 5.992e+00 5.993e+00 5.993e+00
 5.994e+00 5.994e+00 5.995e+00 5.995e+00 5.995e+00 5.996e+00 5.996e+00 5.996e+00
 5.996e+00 5.996e+00 5.997e+00 5.997e+00 5.997e+00 5.997e+00 5.997e+00 5.997e+00
 5.997e+00 5.997e+00 5.998e+00 5.998e+00 5.998e+00 5.998e+00 5.998e+00 5.998e+00
 5.998e+00 5.998e+00 5.998e+00 5.998e+00 5.998e+00 5.998e+00 5.998e+00 5.998e+00
 5.998e+00 5.998e+00 5.998e+00 5.998e+00 5.998e+00 5.998e+00 5.998e+00 5.998e+00
 5.999e+00 5.999e+00 5.999e+00 5.999e+00 5.999e+00 5.999e+00 5.999e+00 5.999e+00
 5.999e+00 5.999e+00 5.999e+00 5.999e+00 5.999e+00 5.999e+00 5.999e+00 5.999e+00
 5.999e+00 5.999e+00 5.999e+00 5.999e+00 5.999e+00 5.999e+00 5.999e+00 5.999e+00
sqrt(<Z^2>) for tau[ms]= 1000.0
 7.939e-01 8.535e-01 8.990e-01 9.321e-01 9.551e-01 9.708e-01 9.812e-01 9.883e-01
 9.934e-01 9.976e-01 1.002e+00 1.008e+00 1.018e+00 1.036e+00 1.069e+00 1.124e+00
 1.185e+00 1.265e+00 1.363e+00 1.474e+00 1.589e+00 1.694e+00 1.783e+00 1.852e+00
 1.899e+00 1.925e+00 1.945e+00 1.962e+00 1.977e+00 1.993e+00 2.012e+00 2.038e+00
 2.076e+00 2.135e+00 2.220e+00 2.325e+00 2.416e+00 2.513e+00 2.613e+00 2.710e+00
 2.802e+00 2.892e+00 2.986e+00 3.065e+00 3.151e+00 3.248e+00 3.355e+00 3.466e+00
 3.575e+00 3.674e+00 3.753e+00 3.805e+00 3.847e+00 3.882e+00 3.909e+00 3.931e+00
 3.948e+00 3.960e+00 3.970e+00 3.977e+00 3.981e+00 3.985e+00 3.988e+00 3.990e+00
 3.992e+00 3.994e+00 3.995e+00 3.995e+00 3.996e+00 3.997e+00 3.997e+00 3.998e+00
 3.998e+00 3.998e+00 3.999e+00 3.999e+00 4.000e+00 4.001e+00 4.002e+00 4.005e+00
 4.009e+00 4.016e+00 4.027e+00 4.044e+00 4.072e+00 4.107e+00 4.143e+00 4.189e+00
 4.246e+00 4.315e+00 4.396e+00 4.489e+00 4.586e+00 4.663e+00 4.746e+00 4.835e+00
 4.932e+00 5.036e+00 5.147e+00 5.261e+00 5.359e+00 5.439e+00 5.516e+00 5.587e+00
 5.652e+00 5.711e+00 5.761e+00 5.805e+00 5.842e+00 5.867e+00 5.888e+00 5.905e+00
 5.920e+00 5.933e+00 5.944e+00 5.952e+00 5.958e+00 5.964e+00 5.968e+00 5.972e+00
 5.976e+00 5.979e+00 5.982e+00 5.984e+00 5.986e+00 5.987e+00 5.989e+00 5.990e+00
 5.991e+00 5.992e+00 5.993e+00 5.993e+00 5.994e+00 5.995e+00 5.995e+00 5.995e+00
 5.996e+00 5.996e+00 5.996e+00 5.997e+00 5.997e+00 5.997e+00 5.997e+00 5.998e+00
 5.998e+00 5.998e+00 5.998e+00 5.998e+00 5.998e+00 5.998e+00 5.998e+00 5.998e+00
 5.999e+00 5.999e+00 5.999e+00 5.999e+00 5.999e+00 5.999e+00 5.999e+00 5.999e+00
 5.999e+00 5.999e+00 5.999e+00 5.999e+00 5.999e+00 5.999e+00 5.999e+00 5.999e+00
 5.999e+00 5.999e+00 5.999e+00 5.999e+00 5.999e+00 5.999e+00 5.999e+00 5.999e+00
 5.999e+00 5.999e+00 5.999e+00 5.999e+00 5.999e+00 5.999e+00 5.999e+00 5.999e+00
 5.999e+00 5.999e+00 6.000e+00 6.000e+00 6.000e+00 6.000e+00 6.000e+00 6.000e+00
 6.000e+00 6.000e+00 6.000e+00 6.000e+00 6.000e+00 6.000e+00 6.000e+00 6.000e+00
