Mean quadratic charge during dwell time tau at ne=1E20m**-3 and Te[1-10000eV]
** sqrt(<Z^2>)
ne=1E20m**-3
     200           5 # of Te values, dwell times
Te[eV]
 1.000e+00 1.047e+00 1.097e+00 1.149e+00 1.203e+00 1.260e+00 1.320e+00 1.383e+00
 1.448e+00 1.517e+00 1.589e+00 1.664e+00 1.743e+00 1.825e+00 1.912e+00 2.002e+00
 2.097e+00 2.196e+00 2.300e+00 2.409e+00 2.524e+00 2.643e+00 2.768e+00 2.899e+00
 3.037e+00 3.181e+00 3.331e+00 3.489e+00 3.654e+00 3.827e+00 4.009e+00 4.199e+00
 4.398e+00 4.606e+00 4.824e+00 5.053e+00 5.292e+00 5.543e+00 5.805e+00 6.080e+00
 6.368e+00 6.670e+00 6.986e+00 7.317e+00 7.663e+00 8.026e+00 8.407e+00 8.805e+00
 9.222e+00 9.659e+00 1.012e+01 1.060e+01 1.110e+01 1.162e+01 1.217e+01 1.275e+01
 1.335e+01 1.399e+01 1.465e+01 1.534e+01 1.607e+01 1.683e+01 1.763e+01 1.846e+01
 1.934e+01 2.026e+01 2.121e+01 2.222e+01 2.327e+01 2.437e+01 2.553e+01 2.674e+01
 2.801e+01 2.933e+01 3.072e+01 3.218e+01 3.370e+01 3.530e+01 3.697e+01 3.872e+01
 4.055e+01 4.248e+01 4.449e+01 4.660e+01 4.880e+01 5.111e+01 5.354e+01 5.607e+01
 5.873e+01 6.151e+01 6.442e+01 6.748e+01 7.067e+01 7.402e+01 7.753e+01 8.120e+01
 8.504e+01 8.907e+01 9.329e+01 9.771e+01 1.023e+02 1.072e+02 1.123e+02 1.176e+02
 1.232e+02 1.290e+02 1.351e+02 1.415e+02 1.482e+02 1.552e+02 1.626e+02 1.703e+02
 1.783e+02 1.868e+02 1.956e+02 2.049e+02 2.146e+02 2.248e+02 2.354e+02 2.466e+02
 2.583e+02 2.705e+02 2.833e+02 2.967e+02 3.108e+02 3.255e+02 3.409e+02 3.571e+02
 3.740e+02 3.917e+02 4.103e+02 4.297e+02 4.501e+02 4.714e+02 4.937e+02 5.171e+02
 5.416e+02 5.672e+02 5.941e+02 6.223e+02 6.517e+02 6.826e+02 7.149e+02 7.488e+02
 7.843e+02 8.214e+02 8.603e+02 9.011e+02 9.438e+02 9.885e+02 1.035e+03 1.084e+03
 1.136e+03 1.190e+03 1.246e+03 1.305e+03 1.367e+03 1.431e+03 1.499e+03 1.570e+03
 1.645e+03 1.723e+03 1.804e+03 1.890e+03 1.979e+03 2.073e+03 2.171e+03 2.274e+03
 2.382e+03 2.495e+03 2.613e+03 2.736e+03 2.866e+03 3.002e+03 3.144e+03 3.293e+03
 3.449e+03 3.612e+03 3.783e+03 3.963e+03 4.150e+03 4.347e+03 4.553e+03 4.769e+03
 4.995e+03 5.231e+03 5.479e+03 5.738e+03 6.010e+03 6.295e+03 6.593e+03 6.906e+03
 7.233e+03 7.575e+03 7.934e+03 8.310e+03 8.704e+03 9.116e+03 9.548e+03 1.000e+04
sqrt(<Z^2>) for tau[ms]=    0.1
 1.851e-04 2.782e-04 4.172e-04 6.258e-04 9.385e-04 1.407e-03 2.111e-03 3.166e-03
 4.747e-03 6.917e-03 9.147e-03 1.210e-02 1.599e-02 2.115e-02 2.796e-02 3.693e-02
 4.497e-02 5.477e-02 6.669e-02 8.118e-02 9.879e-02 1.202e-01 1.460e-01 1.773e-01
 2.112e-01 2.391e-01 2.703e-01 3.051e-01 3.437e-01 3.861e-01 4.323e-01 4.822e-01
 5.350e-01 5.901e-01 6.461e-01 6.975e-01 7.335e-01 7.678e-01 8.002e-01 8.301e-01
 8.574e-01 8.824e-01 9.053e-01 9.218e-01 9.377e-01 9.538e-01 9.708e-01 9.897e-01
 1.011e+00 1.037e+00 1.065e+00 1.091e+00 1.120e+00 1.152e+00 1.190e+00 1.231e+00
 1.278e+00 1.329e+00 1.384e+00 1.434e+00 1.477e+00 1.520e+00 1.564e+00 1.607e+00
 1.649e+00 1.686e+00 1.714e+00 1.740e+00 1.764e+00 1.787e+00 1.808e+00 1.827e+00
 1.845e+00 1.861e+00 1.873e+00 1.882e+00 1.890e+00 1.897e+00 1.905e+00 1.911e+00
 1.917e+00 1.923e+00 1.928e+00 1.933e+00 1.938e+00 1.941e+00 1.944e+00 1.947e+00
 1.949e+00 1.952e+00 1.954e+00 1.956e+00 1.958e+00 1.960e+00 1.961e+00 1.962e+00
 1.964e+00 1.965e+00 1.966e+00 1.967e+00 1.968e+00 1.969e+00 1.970e+00 1.970e+00
 1.971e+00 1.972e+00 1.972e+00 1.973e+00 1.974e+00 1.974e+00 1.975e+00 1.975e+00
 1.975e+00 1.976e+00 1.976e+00 1.976e+00 1.977e+00 1.977e+00 1.977e+00 1.977e+00
 1.978e+00 1.978e+00 1.978e+00 1.978e+00 1.978e+00 1.978e+00 1.978e+00 1.978e+00
 1.979e+00 1.979e+00 1.979e+00 1.979e+00 1.979e+00 1.979e+00 1.979e+00 1.979e+00
 1.979e+00 1.979e+00 1.979e+00 1.979e+00 1.979e+00 1.979e+00 1.979e+00 1.979e+00
 1.978e+00 1.978e+00 1.978e+00 1.978e+00 1.978e+00 1.978e+00 1.978e+00 1.978e+00
 1.978e+00 1.978e+00 1.977e+00 1.977e+00 1.977e+00 1.977e+00 1.977e+00 1.977e+00
 1.977e+00 1.976e+00 1.976e+00 1.976e+00 1.976e+00 1.976e+00 1.976e+00 1.975e+00
 1.975e+00 1.975e+00 1.975e+00 1.975e+00 1.975e+00 1.974e+00 1.974e+00 1.974e+00
 1.974e+00 1.974e+00 1.974e+00 1.973e+00 1.973e+00 1.973e+00 1.973e+00 1.973e+00
 1.972e+00 1.972e+00 1.972e+00 1.972e+00 1.971e+00 1.971e+00 1.971e+00 1.971e+00
 1.971e+00 1.970e+00 1.970e+00 1.970e+00 1.970e+00 1.969e+00 1.969e+00 1.969e+00
sqrt(<Z^2>) for tau[ms]=    1.0
 5.739e-04 8.640e-04 1.298e-03 1.949e-03 2.927e-03 4.395e-03 6.598e-03 9.905e-03
 1.487e-02 2.168e-02 2.868e-02 3.794e-02 5.019e-02 6.636e-02 8.770e-02 1.157e-01
 1.406e-01 1.708e-01 2.072e-01 2.507e-01 3.023e-01 3.629e-01 4.325e-01 5.105e-01
 5.869e-01 6.428e-01 6.980e-01 7.507e-01 7.990e-01 8.413e-01 8.767e-01 9.053e-01
 9.277e-01 9.454e-01 9.599e-01 9.717e-01 9.801e-01 9.891e-01 9.998e-01 1.013e+00
 1.031e+00 1.056e+00 1.091e+00 1.124e+00 1.164e+00 1.214e+00 1.273e+00 1.342e+00
 1.419e+00 1.502e+00 1.581e+00 1.639e+00 1.694e+00 1.744e+00 1.789e+00 1.827e+00
 1.859e+00 1.886e+00 1.907e+00 1.922e+00 1.933e+00 1.942e+00 1.950e+00 1.957e+00
 1.963e+00 1.968e+00 1.971e+00 1.974e+00 1.977e+00 1.979e+00 1.981e+00 1.983e+00
 1.985e+00 1.986e+00 1.987e+00 1.988e+00 1.989e+00 1.990e+00 1.991e+00 1.991e+00
 1.992e+00 1.992e+00 1.993e+00 1.993e+00 1.994e+00 1.994e+00 1.994e+00 1.995e+00
 1.995e+00 1.995e+00 1.995e+00 1.996e+00 1.996e+00 1.996e+00 1.996e+00 1.996e+00
 1.996e+00 1.997e+00 1.997e+00 1.997e+00 1.997e+00 1.997e+00 1.997e+00 1.997e+00
 1.997e+00 1.997e+00 1.997e+00 1.997e+00 1.997e+00 1.997e+00 1.997e+00 1.998e+00
 1.998e+00 1.998e+00 1.998e+00 1.998e+00 1.998e+00 1.998e+00 1.998e+00 1.998e+00
 1.998e+00 1.998e+00 1.998e+00 1.998e+00 1.998e+00 1.998e+00 1.998e+00 1.998e+00
 1.998e+00 1.998e+00 1.998e+00 1.998e+00 1.998e+00 1.998e+00 1.998e+00 1.998e+00
 1.998e+00 1.998e+00 1.998e+00 1.998e+00 1.998e+00 1.998e+00 1.998e+00 1.998e+00
 1.998e+00 1.998e+00 1.998e+00 1.998e+00 1.998e+00 1.998e+00 1.998e+00 1.998e+00
 1.998e+00 1.998e+00 1.998e+00 1.998e+00 1.998e+00 1.998e+00 1.998e+00 1.998e+00
 1.998e+00 1.998e+00 1.998e+00 1.998e+00 1.998e+00 1.998e+00 1.998e+00 1.998e+00
 1.998e+00 1.998e+00 1.998e+00 1.997e+00 1.997e+00 1.997e+00 1.997e+00 1.997e+00
 1.997e+00 1.997e+00 1.997e+00 1.997e+00 1.997e+00 1.997e+00 1.997e+00 1.997e+00
 1.997e+00 1.997e+00 1.997e+00 1.997e+00 1.997e+00 1.997e+00 1.997e+00 1.997e+00
 1.997e+00 1.997e+00 1.997e+00 1.997e+00 1.997e+00 1.997e+00 1.997e+00 1.997e+00
sqrt(<Z^2>) for tau[ms]=   10.0
 1.513e-03 2.308e-03 3.510e-03 5.333e-03 8.095e-03 1.228e-02 1.861e-02 2.817e-02
 4.262e-02 6.255e-02 8.318e-02 1.105e-01 1.464e-01 1.936e-01 2.546e-01 3.320e-01
 3.981e-01 4.730e-01 5.550e-01 6.406e-01 7.241e-01 7.990e-01 8.597e-01 9.046e-01
 9.336e-01 9.489e-01 9.608e-01 9.700e-01 9.772e-01 9.831e-01 9.881e-01 9.929e-01
 9.986e-01 1.007e+00 1.020e+00 1.041e+00 1.064e+00 1.097e+00 1.144e+00 1.207e+00
 1.289e+00 1.389e+00 1.502e+00 1.587e+00 1.666e+00 1.738e+00 1.799e+00 1.848e+00
 1.886e+00 1.915e+00 1.936e+00 1.948e+00 1.958e+00 1.966e+00 1.973e+00 1.978e+00
 1.982e+00 1.986e+00 1.988e+00 1.990e+00 1.992e+00 1.993e+00 1.994e+00 1.995e+00
 1.996e+00 1.996e+00 1.997e+00 1.997e+00 1.997e+00 1.998e+00 1.998e+00 1.998e+00
 1.998e+00 1.998e+00 1.999e+00 1.999e+00 1.999e+00 1.999e+00 1.999e+00 1.999e+00
 1.999e+00 1.999e+00 1.999e+00 1.999e+00 1.999e+00 1.999e+00 1.999e+00 1.999e+00
 1.999e+00 1.999e+00 2.000e+00 2.000e+00 2.000e+00 2.000e+00 2.000e+00 2.000e+00
 2.000e+00 2.000e+00 2.000e+00 2.000e+00 2.000e+00 2.000e+00 2.000e+00 2.000e+00
 2.000e+00 2.000e+00 2.000e+00 2.000e+00 2.000e+00 2.000e+00 2.000e+00 2.000e+00
 2.000e+00 2.000e+00 2.000e+00 2.000e+00 2.000e+00 2.000e+00 2.000e+00 2.000e+00
 2.000e+00 2.000e+00 2.000e+00 2.000e+00 2.000e+00 2.000e+00 2.000e+00 2.000e+00
 2.000e+00 2.000e+00 2.000e+00 2.000e+00 2.000e+00 2.000e+00 2.000e+00 2.000e+00
 2.000e+00 2.000e+00 2.000e+00 2.000e+00 2.000e+00 2.000e+00 2.000e+00 2.000e+00
 2.000e+00 2.000e+00 2.000e+00 2.000e+00 2.000e+00 2.000e+00 2.000e+00 2.000e+00
 2.000e+00 2.000e+00 2.000e+00 2.000e+00 2.000e+00 2.000e+00 2.000e+00 2.000e+00
 2.000e+00 2.000e+00 2.000e+00 2.000e+00 2.000e+00 2.000e+00 2.000e+00 2.000e+00
 2.000e+00 2.000e+00 2.000e+00 2.000e+00 2.000e+00 2.000e+00 2.000e+00 2.000e+00
 2.000e+00 2.000e+00 2.000e+00 2.000e+00 2.000e+00 2.000e+00 2.000e+00 2.000e+00
 2.000e+00 2.000e+00 2.000e+00 2.000e+00 2.000e+00 2.000e+00 2.000e+00 2.000e+00
 2.000e+00 2.000e+00 2.000e+00 2.000e+00 2.000e+00 2.000e+00 2.000e+00 2.000e+00
sqrt(<Z^2>) for tau[ms]=  100.0
 2.152e-03 3.363e-03 5.243e-03 8.169e-03 1.272e-02 1.981e-02 3.081e-02 4.789e-02
 7.431e-02 1.116e-01 1.512e-01 2.038e-01 2.725e-01 3.597e-01 4.649e-01 5.816e-01
 6.665e-01 7.454e-01 8.134e-01 8.680e-01 9.092e-01 9.388e-01 9.594e-01 9.733e-01
 9.819e-01 9.865e-01 9.900e-01 9.928e-01 9.952e-01 9.976e-01 1.001e+00 1.005e+00
 1.013e+00 1.029e+00 1.057e+00 1.104e+00 1.155e+00 1.224e+00 1.312e+00 1.416e+00
 1.528e+00 1.637e+00 1.735e+00 1.796e+00 1.845e+00 1.884e+00 1.914e+00 1.937e+00
 1.954e+00 1.967e+00 1.976e+00 1.981e+00 1.985e+00 1.988e+00 1.991e+00 1.993e+00
 1.994e+00 1.995e+00 1.996e+00 1.997e+00 1.998e+00 1.998e+00 1.998e+00 1.999e+00
 1.999e+00 1.999e+00 1.999e+00 1.999e+00 1.999e+00 1.999e+00 1.999e+00 2.000e+00
 2.000e+00 2.000e+00 2.000e+00 2.000e+00 2.000e+00 2.000e+00 2.000e+00 2.000e+00
 2.000e+00 2.000e+00 2.000e+00 2.000e+00 2.000e+00 2.000e+00 2.000e+00 2.000e+00
 2.000e+00 2.000e+00 2.000e+00 2.000e+00 2.000e+00 2.000e+00 2.000e+00 2.000e+00
 2.000e+00 2.000e+00 2.000e+00 2.000e+00 2.000e+00 2.000e+00 2.000e+00 2.000e+00
 2.000e+00 2.000e+00 2.000e+00 2.000e+00 2.000e+00 2.000e+00 2.000e+00 2.000e+00
 2.000e+00 2.000e+00 2.000e+00 2.000e+00 2.000e+00 2.000e+00 2.000e+00 2.000e+00
 2.000e+00 2.000e+00 2.000e+00 2.000e+00 2.000e+00 2.000e+00 2.000e+00 2.000e+00
 2.000e+00 2.000e+00 2.000e+00 2.000e+00 2.000e+00 2.000e+00 2.000e+00 2.000e+00
 2.000e+00 2.000e+00 2.000e+00 2.000e+00 2.000e+00 2.000e+00 2.000e+00 2.000e+00
 2.000e+00 2.000e+00 2.000e+00 2.000e+00 2.000e+00 2.000e+00 2.000e+00 2.000e+00
 2.000e+00 2.000e+00 2.000e+00 2.000e+00 2.000e+00 2.000e+00 2.000e+00 2.000e+00
 2.000e+00 2.000e+00 2.000e+00 2.000e+00 2.000e+00 2.000e+00 2.000e+00 2.000e+00
 2.000e+00 2.000e+00 2.000e+00 2.000e+00 2.000e+00 2.000e+00 2.000e+00 2.000e+00
 2.000e+00 2.000e+00 2.000e+00 2.000e+00 2.000e+00 2.000e+00 2.000e+00 2.000e+00
 2.000e+00 2.000e+00 2.000e+00 2.000e+00 2.000e+00 2.000e+00 2.000e+00 2.000e+00
 2.000e+00 2.000e+00 2.000e+00 2.000e+00 2.000e+00 2.000e+00 2.000e+00 2.000e+00
sqrt(<Z^2>) for tau[ms]= 1000.0
 2.227e-03 3.491e-03 5.461e-03 8.542e-03 1.336e-02 2.089e-02 3.267e-02 5.106e-02
 7.969e-02 1.204e-01 1.639e-01 2.219e-01 2.975e-01 3.925e-01 5.046e-01 6.244e-01
 7.083e-01 7.831e-01 8.450e-01 8.929e-01 9.279e-01 9.523e-01 9.689e-01 9.799e-01
 9.867e-01 9.902e-01 9.929e-01 9.950e-01 9.970e-01 9.991e-01 1.002e+00 1.007e+00
 1.015e+00 1.032e+00 1.063e+00 1.113e+00 1.169e+00 1.243e+00 1.337e+00 1.445e+00
 1.558e+00 1.666e+00 1.759e+00 1.817e+00 1.862e+00 1.898e+00 1.926e+00 1.946e+00
 1.961e+00 1.972e+00 1.980e+00 1.984e+00 1.988e+00 1.990e+00 1.992e+00 1.994e+00
 1.995e+00 1.996e+00 1.997e+00 1.998e+00 1.998e+00 1.998e+00 1.999e+00 1.999e+00
 1.999e+00 1.999e+00 1.999e+00 1.999e+00 1.999e+00 2.000e+00 2.000e+00 2.000e+00
 2.000e+00 2.000e+00 2.000e+00 2.000e+00 2.000e+00 2.000e+00 2.000e+00 2.000e+00
 2.000e+00 2.000e+00 2.000e+00 2.000e+00 2.000e+00 2.000e+00 2.000e+00 2.000e+00
 2.000e+00 2.000e+00 2.000e+00 2.000e+00 2.000e+00 2.000e+00 2.000e+00 2.000e+00
 2.000e+00 2.000e+00 2.000e+00 2.000e+00 2.000e+00 2.000e+00 2.000e+00 2.000e+00
 2.000e+00 2.000e+00 2.000e+00 2.000e+00 2.000e+00 2.000e+00 2.000e+00 2.000e+00
 2.000e+00 2.000e+00 2.000e+00 2.000e+00 2.000e+00 2.000e+00 2.000e+00 2.000e+00
 2.000e+00 2.000e+00 2.000e+00 2.000e+00 2.000e+00 2.000e+00 2.000e+00 2.000e+00
 2.000e+00 2.000e+00 2.000e+00 2.000e+00 2.000e+00 2.000e+00 2.000e+00 2.000e+00
 2.000e+00 2.000e+00 2.000e+00 2.000e+00 2.000e+00 2.000e+00 2.000e+00 2.000e+00
 2.000e+00 2.000e+00 2.000e+00 2.000e+00 2.000e+00 2.000e+00 2.000e+00 2.000e+00
 2.000e+00 2.000e+00 2.000e+00 2.000e+00 2.000e+00 2.000e+00 2.000e+00 2.000e+00
 2.000e+00 2.000e+00 2.000e+00 2.000e+00 2.000e+00 2.000e+00 2.000e+00 2.000e+00
 2.000e+00 2.000e+00 2.000e+00 2.000e+00 2.000e+00 2.000e+00 2.000e+00 2.000e+00
 2.000e+00 2.000e+00 2.000e+00 2.000e+00 2.000e+00 2.000e+00 2.000e+00 2.000e+00
 2.000e+00 2.000e+00 2.000e+00 2.000e+00 2.000e+00 2.000e+00 2.000e+00 2.000e+00
 2.000e+00 2.000e+00 2.000e+00 2.000e+00 2.000e+00 2.000e+00 2.000e+00 2.000e+00
