Mean quadratic charge during dwell time tau at ne=1E20m**-3 and Te[1-10000eV]
** sqrt(<Z^2>)
ne=1E20m**-3
     200           5 # of Te values, dwell times
Te[eV]
 1.000e+00 1.047e+00 1.097e+00 1.149e+00 1.203e+00 1.260e+00 1.320e+00 1.383e+00
 1.448e+00 1.517e+00 1.589e+00 1.664e+00 1.743e+00 1.825e+00 1.912e+00 2.002e+00
 2.097e+00 2.196e+00 2.300e+00 2.409e+00 2.524e+00 2.643e+00 2.768e+00 2.899e+00
 3.037e+00 3.181e+00 3.331e+00 3.489e+00 3.654e+00 3.827e+00 4.009e+00 4.199e+00
 4.398e+00 4.606e+00 4.824e+00 5.053e+00 5.292e+00 5.543e+00 5.805e+00 6.080e+00
 6.368e+00 6.670e+00 6.986e+00 7.317e+00 7.663e+00 8.026e+00 8.407e+00 8.805e+00
 9.222e+00 9.659e+00 1.012e+01 1.060e+01 1.110e+01 1.162e+01 1.217e+01 1.275e+01
 1.335e+01 1.399e+01 1.465e+01 1.534e+01 1.607e+01 1.683e+01 1.763e+01 1.846e+01
 1.934e+01 2.026e+01 2.121e+01 2.222e+01 2.327e+01 2.437e+01 2.553e+01 2.674e+01
 2.801e+01 2.933e+01 3.072e+01 3.218e+01 3.370e+01 3.530e+01 3.697e+01 3.872e+01
 4.055e+01 4.248e+01 4.449e+01 4.660e+01 4.880e+01 5.111e+01 5.354e+01 5.607e+01
 5.873e+01 6.151e+01 6.442e+01 6.748e+01 7.067e+01 7.402e+01 7.753e+01 8.120e+01
 8.504e+01 8.907e+01 9.329e+01 9.771e+01 1.023e+02 1.072e+02 1.123e+02 1.176e+02
 1.232e+02 1.290e+02 1.351e+02 1.415e+02 1.482e+02 1.552e+02 1.626e+02 1.703e+02
 1.783e+02 1.868e+02 1.956e+02 2.049e+02 2.146e+02 2.248e+02 2.354e+02 2.466e+02
 2.583e+02 2.705e+02 2.833e+02 2.967e+02 3.108e+02 3.255e+02 3.409e+02 3.571e+02
 3.740e+02 3.917e+02 4.103e+02 4.297e+02 4.501e+02 4.714e+02 4.937e+02 5.171e+02
 5.416e+02 5.672e+02 5.941e+02 6.223e+02 6.517e+02 6.826e+02 7.149e+02 7.488e+02
 7.843e+02 8.214e+02 8.603e+02 9.011e+02 9.438e+02 9.885e+02 1.035e+03 1.084e+03
 1.136e+03 1.190e+03 1.246e+03 1.305e+03 1.367e+03 1.431e+03 1.499e+03 1.570e+03
 1.645e+03 1.723e+03 1.804e+03 1.890e+03 1.979e+03 2.073e+03 2.171e+03 2.274e+03
 2.382e+03 2.495e+03 2.613e+03 2.736e+03 2.866e+03 3.002e+03 3.144e+03 3.293e+03
 3.449e+03 3.612e+03 3.783e+03 3.963e+03 4.150e+03 4.347e+03 4.553e+03 4.769e+03
 4.995e+03 5.231e+03 5.479e+03 5.738e+03 6.010e+03 6.295e+03 6.593e+03 6.906e+03
 7.233e+03 7.575e+03 7.934e+03 8.310e+03 8.704e+03 9.116e+03 9.548e+03 1.000e+04
sqrt(<Z^2>) for tau[ms]=    0.1
 4.929e-02 6.216e-02 7.827e-02 9.852e-02 1.239e-01 1.557e-01 1.952e-01 2.442e-01
 3.041e-01 3.704e-01 4.262e-01 4.874e-01 5.530e-01 6.213e-01 6.897e-01 7.544e-01
 7.956e-01 8.326e-01 8.647e-01 8.918e-01 9.141e-01 9.325e-01 9.479e-01 9.613e-01
 9.730e-01 9.817e-01 9.912e-01 1.002e+00 1.016e+00 1.033e+00 1.055e+00 1.084e+00
 1.121e+00 1.168e+00 1.227e+00 1.295e+00 1.352e+00 1.414e+00 1.482e+00 1.553e+00
 1.627e+00 1.703e+00 1.781e+00 1.840e+00 1.900e+00 1.963e+00 2.030e+00 2.103e+00
 2.182e+00 2.268e+00 2.353e+00 2.419e+00 2.487e+00 2.556e+00 2.624e+00 2.693e+00
 2.761e+00 2.830e+00 2.900e+00 2.964e+00 3.021e+00 3.081e+00 3.145e+00 3.214e+00
 3.289e+00 3.364e+00 3.425e+00 3.490e+00 3.557e+00 3.626e+00 3.698e+00 3.772e+00
 3.848e+00 3.925e+00 3.990e+00 4.042e+00 4.095e+00 4.147e+00 4.200e+00 4.252e+00
 4.303e+00 4.353e+00 4.403e+00 4.450e+00 4.496e+00 4.532e+00 4.560e+00 4.587e+00
 4.612e+00 4.636e+00 4.659e+00 4.681e+00 4.700e+00 4.715e+00 4.728e+00 4.741e+00
 4.753e+00 4.765e+00 4.776e+00 4.787e+00 4.796e+00 4.804e+00 4.811e+00 4.818e+00
 4.826e+00 4.833e+00 4.841e+00 4.849e+00 4.857e+00 4.864e+00 4.871e+00 4.879e+00
 4.887e+00 4.896e+00 4.906e+00 4.916e+00 4.925e+00 4.934e+00 4.945e+00 4.957e+00
 4.969e+00 4.983e+00 4.999e+00 5.016e+00 5.030e+00 5.043e+00 5.057e+00 5.072e+00
 5.088e+00 5.105e+00 5.122e+00 5.142e+00 5.162e+00 5.183e+00 5.206e+00 5.224e+00
 5.241e+00 5.259e+00 5.276e+00 5.295e+00 5.314e+00 5.334e+00 5.352e+00 5.367e+00
 5.382e+00 5.398e+00 5.414e+00 5.430e+00 5.446e+00 5.463e+00 5.476e+00 5.488e+00
 5.499e+00 5.511e+00 5.523e+00 5.535e+00 5.548e+00 5.560e+00 5.573e+00 5.580e+00
 5.588e+00 5.596e+00 5.604e+00 5.612e+00 5.620e+00 5.625e+00 5.630e+00 5.635e+00
 5.640e+00 5.646e+00 5.651e+00 5.656e+00 5.661e+00 5.666e+00 5.669e+00 5.672e+00
 5.674e+00 5.677e+00 5.680e+00 5.683e+00 5.685e+00 5.688e+00 5.691e+00 5.694e+00
 5.696e+00 5.697e+00 5.698e+00 5.698e+00 5.699e+00 5.699e+00 5.700e+00 5.701e+00
 5.700e+00 5.699e+00 5.698e+00 5.698e+00 5.697e+00 5.696e+00 5.695e+00 5.694e+00
sqrt(<Z^2>) for tau[ms]=    1.0
 1.515e-01 1.907e-01 2.389e-01 2.981e-01 3.694e-01 4.532e-01 5.478e-01 6.481e-01
 7.454e-01 8.235e-01 8.696e-01 9.053e-01 9.316e-01 9.507e-01 9.646e-01 9.749e-01
 9.807e-01 9.859e-01 9.909e-01 9.965e-01 1.004e+00 1.013e+00 1.028e+00 1.051e+00
 1.083e+00 1.115e+00 1.157e+00 1.210e+00 1.276e+00 1.354e+00 1.443e+00 1.539e+00
 1.637e+00 1.730e+00 1.814e+00 1.887e+00 1.939e+00 1.995e+00 2.057e+00 2.129e+00
 2.215e+00 2.316e+00 2.428e+00 2.515e+00 2.599e+00 2.681e+00 2.757e+00 2.827e+00
 2.895e+00 2.965e+00 3.035e+00 3.094e+00 3.160e+00 3.236e+00 3.323e+00 3.419e+00
 3.525e+00 3.640e+00 3.761e+00 3.871e+00 3.965e+00 4.061e+00 4.159e+00 4.258e+00
 4.356e+00 4.444e+00 4.510e+00 4.572e+00 4.629e+00 4.680e+00 4.726e+00 4.766e+00
 4.800e+00 4.830e+00 4.851e+00 4.866e+00 4.879e+00 4.891e+00 4.902e+00 4.912e+00
 4.920e+00 4.928e+00 4.935e+00 4.942e+00 4.947e+00 4.952e+00 4.955e+00 4.958e+00
 4.961e+00 4.964e+00 4.966e+00 4.969e+00 4.972e+00 4.974e+00 4.976e+00 4.979e+00
 4.982e+00 4.987e+00 4.992e+00 4.999e+00 5.006e+00 5.014e+00 5.024e+00 5.036e+00
 5.050e+00 5.068e+00 5.090e+00 5.116e+00 5.149e+00 5.180e+00 5.212e+00 5.248e+00
 5.289e+00 5.336e+00 5.387e+00 5.437e+00 5.482e+00 5.530e+00 5.581e+00 5.635e+00
 5.693e+00 5.752e+00 5.815e+00 5.879e+00 5.929e+00 5.973e+00 6.019e+00 6.065e+00
 6.111e+00 6.156e+00 6.202e+00 6.248e+00 6.292e+00 6.336e+00 6.379e+00 6.411e+00
 6.439e+00 6.466e+00 6.492e+00 6.517e+00 6.542e+00 6.565e+00 6.585e+00 6.601e+00
 6.616e+00 6.631e+00 6.645e+00 6.658e+00 6.672e+00 6.684e+00 6.694e+00 6.702e+00
 6.710e+00 6.718e+00 6.725e+00 6.732e+00 6.739e+00 6.746e+00 6.753e+00 6.757e+00
 6.762e+00 6.766e+00 6.770e+00 6.774e+00 6.778e+00 6.781e+00 6.783e+00 6.786e+00
 6.789e+00 6.791e+00 6.794e+00 6.796e+00 6.798e+00 6.801e+00 6.802e+00 6.804e+00
 6.805e+00 6.807e+00 6.808e+00 6.809e+00 6.811e+00 6.812e+00 6.813e+00 6.815e+00
 6.816e+00 6.817e+00 6.818e+00 6.818e+00 6.819e+00 6.820e+00 6.820e+00 6.821e+00
 6.821e+00 6.822e+00 6.822e+00 6.822e+00 6.822e+00 6.823e+00 6.823e+00 6.823e+00
sqrt(<Z^2>) for tau[ms]=   10.0
 3.742e-01 4.635e-01 5.622e-01 6.638e-01 7.586e-01 8.368e-01 8.945e-01 9.336e-01
 9.588e-01 9.738e-01 9.814e-01 9.869e-01 9.910e-01 9.942e-01 9.973e-01 1.001e+00
 1.005e+00 1.011e+00 1.020e+00 1.036e+00 1.061e+00 1.101e+00 1.161e+00 1.248e+00
 1.350e+00 1.435e+00 1.525e+00 1.614e+00 1.697e+00 1.770e+00 1.833e+00 1.887e+00
 1.937e+00 1.988e+00 2.049e+00 2.124e+00 2.194e+00 2.279e+00 2.375e+00 2.480e+00
 2.586e+00 2.687e+00 2.779e+00 2.842e+00 2.901e+00 2.961e+00 3.026e+00 3.103e+00
 3.195e+00 3.308e+00 3.433e+00 3.540e+00 3.659e+00 3.785e+00 3.920e+00 4.060e+00
 4.202e+00 4.341e+00 4.472e+00 4.574e+00 4.650e+00 4.715e+00 4.770e+00 4.816e+00
 4.854e+00 4.883e+00 4.902e+00 4.918e+00 4.931e+00 4.943e+00 4.952e+00 4.960e+00
 4.967e+00 4.972e+00 4.976e+00 4.979e+00 4.981e+00 4.983e+00 4.985e+00 4.987e+00
 4.988e+00 4.989e+00 4.991e+00 4.992e+00 4.993e+00 4.994e+00 4.995e+00 4.996e+00
 4.997e+00 4.999e+00 5.001e+00 5.006e+00 5.011e+00 5.018e+00 5.026e+00 5.038e+00
 5.054e+00 5.075e+00 5.104e+00 5.143e+00 5.185e+00 5.227e+00 5.276e+00 5.333e+00
 5.399e+00 5.474e+00 5.558e+00 5.652e+00 5.756e+00 5.845e+00 5.929e+00 6.018e+00
 6.109e+00 6.201e+00 6.293e+00 6.370e+00 6.434e+00 6.495e+00 6.552e+00 6.604e+00
 6.652e+00 6.695e+00 6.733e+00 6.767e+00 6.791e+00 6.810e+00 6.827e+00 6.843e+00
 6.857e+00 6.870e+00 6.882e+00 6.893e+00 6.902e+00 6.911e+00 6.919e+00 6.925e+00
 6.930e+00 6.934e+00 6.938e+00 6.942e+00 6.946e+00 6.949e+00 6.952e+00 6.954e+00
 6.956e+00 6.958e+00 6.960e+00 6.962e+00 6.964e+00 6.965e+00 6.966e+00 6.967e+00
 6.968e+00 6.969e+00 6.970e+00 6.971e+00 6.972e+00 6.973e+00 6.974e+00 6.974e+00
 6.975e+00 6.975e+00 6.976e+00 6.976e+00 6.977e+00 6.977e+00 6.978e+00 6.978e+00
 6.978e+00 6.978e+00 6.979e+00 6.979e+00 6.979e+00 6.980e+00 6.980e+00 6.980e+00
 6.980e+00 6.980e+00 6.980e+00 6.981e+00 6.981e+00 6.981e+00 6.981e+00 6.981e+00
 6.981e+00 6.982e+00 6.982e+00 6.982e+00 6.982e+00 6.982e+00 6.982e+00 6.982e+00
 6.982e+00 6.982e+00 6.982e+00 6.982e+00 6.982e+00 6.982e+00 6.982e+00 6.982e+00
sqrt(<Z^2>) for tau[ms]=  100.0
 4.854e-01 5.909e-01 6.943e-01 7.858e-01 8.583e-01 9.105e-01 9.452e-01 9.672e-01
 9.806e-01 9.883e-01 9.920e-01 9.947e-01 9.968e-01 9.987e-01 1.001e+00 1.005e+00
 1.010e+00 1.018e+00 1.031e+00 1.053e+00 1.088e+00 1.143e+00 1.223e+00 1.331e+00
 1.447e+00 1.535e+00 1.622e+00 1.703e+00 1.773e+00 1.833e+00 1.884e+00 1.928e+00
 1.971e+00 2.020e+00 2.082e+00 2.163e+00 2.238e+00 2.328e+00 2.429e+00 2.535e+00
 2.639e+00 2.735e+00 2.821e+00 2.881e+00 2.939e+00 3.000e+00 3.069e+00 3.153e+00
 3.256e+00 3.384e+00 3.525e+00 3.648e+00 3.781e+00 3.923e+00 4.071e+00 4.220e+00
 4.363e+00 4.496e+00 4.611e+00 4.697e+00 4.758e+00 4.809e+00 4.850e+00 4.883e+00
 4.909e+00 4.929e+00 4.942e+00 4.952e+00 4.961e+00 4.968e+00 4.974e+00 4.979e+00
 4.983e+00 4.986e+00 4.988e+00 4.990e+00 4.991e+00 4.992e+00 4.993e+00 4.994e+00
 4.995e+00 4.996e+00 4.996e+00 4.997e+00 4.998e+00 4.998e+00 4.999e+00 5.001e+00
 5.003e+00 5.007e+00 5.012e+00 5.021e+00 5.033e+00 5.047e+00 5.065e+00 5.090e+00
 5.123e+00 5.166e+00 5.221e+00 5.291e+00 5.362e+00 5.426e+00 5.500e+00 5.582e+00
 5.674e+00 5.776e+00 5.887e+00 6.006e+00 6.129e+00 6.230e+00 6.321e+00 6.409e+00
 6.491e+00 6.568e+00 6.636e+00 6.690e+00 6.732e+00 6.769e+00 6.802e+00 6.831e+00
 6.855e+00 6.877e+00 6.895e+00 6.911e+00 6.922e+00 6.931e+00 6.939e+00 6.946e+00
 6.952e+00 6.957e+00 6.962e+00 6.966e+00 6.970e+00 6.973e+00 6.976e+00 6.978e+00
 6.980e+00 6.982e+00 6.983e+00 6.985e+00 6.986e+00 6.987e+00 6.988e+00 6.989e+00
 6.990e+00 6.990e+00 6.991e+00 6.992e+00 6.992e+00 6.993e+00 6.993e+00 6.993e+00
 6.994e+00 6.994e+00 6.994e+00 6.995e+00 6.995e+00 6.995e+00 6.995e+00 6.995e+00
 6.996e+00 6.996e+00 6.996e+00 6.996e+00 6.996e+00 6.996e+00 6.996e+00 6.997e+00
 6.997e+00 6.997e+00 6.997e+00 6.997e+00 6.997e+00 6.997e+00 6.997e+00 6.997e+00
 6.997e+00 6.997e+00 6.997e+00 6.997e+00 6.997e+00 6.997e+00 6.998e+00 6.998e+00
 6.998e+00 6.998e+00 6.998e+00 6.998e+00 6.998e+00 6.998e+00 6.998e+00 6.998e+00
 6.998e+00 6.998e+00 6.998e+00 6.998e+00 6.998e+00 6.998e+00 6.998e+00 6.998e+00
sqrt(<Z^2>) for tau[ms]= 1000.0
 4.970e-01 6.039e-01 7.075e-01 7.976e-01 8.679e-01 9.176e-01 9.502e-01 9.705e-01
 9.828e-01 9.897e-01 9.931e-01 9.955e-01 9.974e-01 9.991e-01 1.001e+00 1.005e+00
 1.010e+00 1.018e+00 1.032e+00 1.054e+00 1.091e+00 1.148e+00 1.230e+00 1.339e+00
 1.457e+00 1.545e+00 1.632e+00 1.711e+00 1.781e+00 1.840e+00 1.889e+00 1.933e+00
 1.975e+00 2.023e+00 2.086e+00 2.167e+00 2.243e+00 2.333e+00 2.434e+00 2.540e+00
 2.644e+00 2.740e+00 2.826e+00 2.885e+00 2.942e+00 3.003e+00 3.073e+00 3.158e+00
 3.262e+00 3.391e+00 3.534e+00 3.659e+00 3.794e+00 3.937e+00 4.086e+00 4.236e+00
 4.379e+00 4.511e+00 4.625e+00 4.709e+00 4.769e+00 4.818e+00 4.858e+00 4.890e+00
 4.915e+00 4.933e+00 4.946e+00 4.956e+00 4.964e+00 4.971e+00 4.976e+00 4.981e+00
 4.984e+00 4.987e+00 4.989e+00 4.991e+00 4.992e+00 4.993e+00 4.994e+00 4.995e+00
 4.995e+00 4.996e+00 4.997e+00 4.997e+00 4.998e+00 4.999e+00 5.000e+00 5.001e+00
 5.004e+00 5.007e+00 5.013e+00 5.023e+00 5.036e+00 5.051e+00 5.071e+00 5.097e+00
 5.133e+00 5.179e+00 5.238e+00 5.312e+00 5.385e+00 5.453e+00 5.529e+00 5.614e+00
 5.709e+00 5.814e+00 5.928e+00 6.049e+00 6.174e+00 6.275e+00 6.366e+00 6.452e+00
 6.533e+00 6.606e+00 6.672e+00 6.723e+00 6.762e+00 6.797e+00 6.827e+00 6.853e+00
 6.876e+00 6.895e+00 6.911e+00 6.925e+00 6.935e+00 6.943e+00 6.950e+00 6.956e+00
 6.961e+00 6.966e+00 6.970e+00 6.974e+00 6.977e+00 6.979e+00 6.982e+00 6.984e+00
 6.985e+00 6.987e+00 6.988e+00 6.989e+00 6.990e+00 6.991e+00 6.992e+00 6.992e+00
 6.993e+00 6.994e+00 6.994e+00 6.995e+00 6.995e+00 6.995e+00 6.996e+00 6.996e+00
 6.996e+00 6.996e+00 6.997e+00 6.997e+00 6.997e+00 6.997e+00 6.997e+00 6.998e+00
 6.998e+00 6.998e+00 6.998e+00 6.998e+00 6.998e+00 6.998e+00 6.998e+00 6.998e+00
 6.998e+00 6.999e+00 6.999e+00 6.999e+00 6.999e+00 6.999e+00 6.999e+00 6.999e+00
 6.999e+00 6.999e+00 6.999e+00 6.999e+00 6.999e+00 6.999e+00 6.999e+00 6.999e+00
 6.999e+00 6.999e+00 6.999e+00 6.999e+00 6.999e+00 6.999e+00 6.999e+00 6.999e+00
 6.999e+00 6.999e+00 6.999e+00 6.999e+00 6.999e+00 6.999e+00 6.999e+00 6.999e+00
