Mean charge during dwell time tau at ne=1E20m**-3 and Te[1-10000eV]
** <Z>
ne=1E20m**-3
     200           5 # of Te values, dwell times
Te[eV]
 1.000e+00 1.047e+00 1.097e+00 1.149e+00 1.203e+00 1.260e+00 1.320e+00 1.383e+00
 1.448e+00 1.517e+00 1.589e+00 1.664e+00 1.743e+00 1.825e+00 1.912e+00 2.002e+00
 2.097e+00 2.196e+00 2.300e+00 2.409e+00 2.524e+00 2.643e+00 2.768e+00 2.899e+00
 3.037e+00 3.181e+00 3.331e+00 3.489e+00 3.654e+00 3.827e+00 4.009e+00 4.199e+00
 4.398e+00 4.606e+00 4.824e+00 5.053e+00 5.292e+00 5.543e+00 5.805e+00 6.080e+00
 6.368e+00 6.670e+00 6.986e+00 7.317e+00 7.663e+00 8.026e+00 8.407e+00 8.805e+00
 9.222e+00 9.659e+00 1.012e+01 1.060e+01 1.110e+01 1.162e+01 1.217e+01 1.275e+01
 1.335e+01 1.399e+01 1.465e+01 1.534e+01 1.607e+01 1.683e+01 1.763e+01 1.846e+01
 1.934e+01 2.026e+01 2.121e+01 2.222e+01 2.327e+01 2.437e+01 2.553e+01 2.674e+01
 2.801e+01 2.933e+01 3.072e+01 3.218e+01 3.370e+01 3.530e+01 3.697e+01 3.872e+01
 4.055e+01 4.248e+01 4.449e+01 4.660e+01 4.880e+01 5.111e+01 5.354e+01 5.607e+01
 5.873e+01 6.151e+01 6.442e+01 6.748e+01 7.067e+01 7.402e+01 7.753e+01 8.120e+01
 8.504e+01 8.907e+01 9.329e+01 9.771e+01 1.023e+02 1.072e+02 1.123e+02 1.176e+02
 1.232e+02 1.290e+02 1.351e+02 1.415e+02 1.482e+02 1.552e+02 1.626e+02 1.703e+02
 1.783e+02 1.868e+02 1.956e+02 2.049e+02 2.146e+02 2.248e+02 2.354e+02 2.466e+02
 2.583e+02 2.705e+02 2.833e+02 2.967e+02 3.108e+02 3.255e+02 3.409e+02 3.571e+02
 3.740e+02 3.917e+02 4.103e+02 4.297e+02 4.501e+02 4.714e+02 4.937e+02 5.171e+02
 5.416e+02 5.672e+02 5.941e+02 6.223e+02 6.517e+02 6.826e+02 7.149e+02 7.488e+02
 7.843e+02 8.214e+02 8.603e+02 9.011e+02 9.438e+02 9.885e+02 1.035e+03 1.084e+03
 1.136e+03 1.190e+03 1.246e+03 1.305e+03 1.367e+03 1.431e+03 1.499e+03 1.570e+03
 1.645e+03 1.723e+03 1.804e+03 1.890e+03 1.979e+03 2.073e+03 2.171e+03 2.274e+03
 2.382e+03 2.495e+03 2.613e+03 2.736e+03 2.866e+03 3.002e+03 3.144e+03 3.293e+03
 3.449e+03 3.612e+03 3.783e+03 3.963e+03 4.150e+03 4.347e+03 4.553e+03 4.769e+03
 4.995e+03 5.231e+03 5.479e+03 5.738e+03 6.010e+03 6.295e+03 6.593e+03 6.906e+03
 7.233e+03 7.575e+03 7.934e+03 8.310e+03 8.704e+03 9.116e+03 9.548e+03 1.000e+04
Z for tau[ms]=    0.1
 2.429e-03 3.864e-03 6.127e-03 9.706e-03 1.536e-02 2.424e-02 3.812e-02 5.963e-02
 9.246e-02 1.372e-01 1.816e-01 2.375e-01 3.058e-01 3.861e-01 4.756e-01 5.690e-01
 6.329e-01 6.930e-01 7.473e-01 7.945e-01 8.343e-01 8.673e-01 8.944e-01 9.171e-01
 9.350e-01 9.469e-01 9.587e-01 9.708e-01 9.840e-01 9.992e-01 1.018e+00 1.041e+00
 1.070e+00 1.108e+00 1.157e+00 1.215e+00 1.266e+00 1.324e+00 1.388e+00 1.459e+00
 1.535e+00 1.614e+00 1.695e+00 1.757e+00 1.819e+00 1.882e+00 1.949e+00 2.020e+00
 2.098e+00 2.182e+00 2.266e+00 2.333e+00 2.402e+00 2.473e+00 2.544e+00 2.616e+00
 2.687e+00 2.758e+00 2.829e+00 2.894e+00 2.950e+00 3.009e+00 3.072e+00 3.139e+00
 3.212e+00 3.285e+00 3.345e+00 3.409e+00 3.475e+00 3.544e+00 3.615e+00 3.689e+00
 3.764e+00 3.842e+00 3.907e+00 3.959e+00 4.012e+00 4.066e+00 4.119e+00 4.173e+00
 4.226e+00 4.278e+00 4.329e+00 4.379e+00 4.428e+00 4.467e+00 4.497e+00 4.525e+00
 4.553e+00 4.579e+00 4.604e+00 4.628e+00 4.650e+00 4.665e+00 4.680e+00 4.695e+00
 4.708e+00 4.721e+00 4.734e+00 4.746e+00 4.757e+00 4.765e+00 4.773e+00 4.781e+00
 4.789e+00 4.797e+00 4.805e+00 4.814e+00 4.822e+00 4.830e+00 4.837e+00 4.845e+00
 4.853e+00 4.862e+00 4.871e+00 4.881e+00 4.889e+00 4.898e+00 4.908e+00 4.919e+00
 4.931e+00 4.944e+00 4.959e+00 4.975e+00 4.988e+00 5.000e+00 5.013e+00 5.027e+00
 5.041e+00 5.057e+00 5.074e+00 5.091e+00 5.110e+00 5.130e+00 5.152e+00 5.169e+00
 5.184e+00 5.200e+00 5.217e+00 5.235e+00 5.253e+00 5.271e+00 5.288e+00 5.302e+00
 5.316e+00 5.331e+00 5.346e+00 5.361e+00 5.377e+00 5.393e+00 5.405e+00 5.416e+00
 5.427e+00 5.438e+00 5.449e+00 5.461e+00 5.472e+00 5.484e+00 5.496e+00 5.503e+00
 5.511e+00 5.518e+00 5.525e+00 5.533e+00 5.540e+00 5.545e+00 5.550e+00 5.555e+00
 5.559e+00 5.564e+00 5.569e+00 5.574e+00 5.578e+00 5.583e+00 5.586e+00 5.588e+00
 5.590e+00 5.593e+00 5.595e+00 5.598e+00 5.600e+00 5.602e+00 5.605e+00 5.607e+00
 5.610e+00 5.610e+00 5.610e+00 5.611e+00 5.611e+00 5.611e+00 5.612e+00 5.612e+00
 5.611e+00 5.610e+00 5.609e+00 5.608e+00 5.607e+00 5.606e+00 5.604e+00 5.603e+00
Z for tau[ms]=    1.0
 2.296e-02 3.635e-02 5.709e-02 8.887e-02 1.365e-01 2.054e-01 3.001e-01 4.200e-01
 5.556e-01 6.781e-01 7.562e-01 8.194e-01 8.677e-01 9.035e-01 9.298e-01 9.492e-01
 9.597e-01 9.686e-01 9.763e-01 9.835e-01 9.910e-01 9.999e-01 1.012e+00 1.029e+00
 1.053e+00 1.077e+00 1.109e+00 1.151e+00 1.206e+00 1.275e+00 1.358e+00 1.453e+00
 1.556e+00 1.657e+00 1.752e+00 1.833e+00 1.889e+00 1.945e+00 2.005e+00 2.075e+00
 2.156e+00 2.252e+00 2.363e+00 2.450e+00 2.538e+00 2.624e+00 2.705e+00 2.781e+00
 2.852e+00 2.923e+00 2.992e+00 3.050e+00 3.114e+00 3.187e+00 3.270e+00 3.363e+00
 3.467e+00 3.580e+00 3.701e+00 3.810e+00 3.904e+00 4.000e+00 4.098e+00 4.199e+00
 4.299e+00 4.390e+00 4.459e+00 4.525e+00 4.585e+00 4.641e+00 4.690e+00 4.734e+00
 4.772e+00 4.804e+00 4.828e+00 4.845e+00 4.860e+00 4.873e+00 4.886e+00 4.897e+00
 4.907e+00 4.916e+00 4.924e+00 4.931e+00 4.938e+00 4.943e+00 4.946e+00 4.950e+00
 4.953e+00 4.956e+00 4.959e+00 4.962e+00 4.965e+00 4.968e+00 4.970e+00 4.973e+00
 4.977e+00 4.981e+00 4.986e+00 4.992e+00 4.999e+00 5.007e+00 5.016e+00 5.026e+00
 5.040e+00 5.056e+00 5.077e+00 5.101e+00 5.131e+00 5.160e+00 5.190e+00 5.224e+00
 5.263e+00 5.307e+00 5.356e+00 5.403e+00 5.447e+00 5.493e+00 5.542e+00 5.595e+00
 5.650e+00 5.709e+00 5.770e+00 5.833e+00 5.882e+00 5.926e+00 5.971e+00 6.017e+00
 6.063e+00 6.109e+00 6.155e+00 6.200e+00 6.246e+00 6.291e+00 6.334e+00 6.367e+00
 6.396e+00 6.423e+00 6.450e+00 6.477e+00 6.502e+00 6.527e+00 6.547e+00 6.564e+00
 6.580e+00 6.595e+00 6.610e+00 6.625e+00 6.639e+00 6.652e+00 6.662e+00 6.671e+00
 6.679e+00 6.687e+00 6.695e+00 6.703e+00 6.711e+00 6.718e+00 6.725e+00 6.730e+00
 6.734e+00 6.739e+00 6.743e+00 6.747e+00 6.752e+00 6.755e+00 6.758e+00 6.760e+00
 6.763e+00 6.766e+00 6.768e+00 6.771e+00 6.774e+00 6.776e+00 6.778e+00 6.779e+00
 6.781e+00 6.782e+00 6.784e+00 6.785e+00 6.787e+00 6.788e+00 6.790e+00 6.791e+00
 6.792e+00 6.793e+00 6.794e+00 6.794e+00 6.795e+00 6.796e+00 6.797e+00 6.797e+00
 6.798e+00 6.798e+00 6.798e+00 6.798e+00 6.799e+00 6.799e+00 6.799e+00 6.799e+00
Z for tau[ms]=   10.0
 1.400e-01 2.149e-01 3.161e-01 4.407e-01 5.754e-01 7.003e-01 8.001e-01 8.715e-01
 9.193e-01 9.482e-01 9.630e-01 9.736e-01 9.814e-01 9.871e-01 9.918e-01 9.961e-01
 9.996e-01 1.004e+00 1.012e+00 1.023e+00 1.041e+00 1.070e+00 1.115e+00 1.185e+00
 1.274e+00 1.353e+00 1.441e+00 1.534e+00 1.625e+00 1.709e+00 1.782e+00 1.845e+00
 1.901e+00 1.955e+00 2.015e+00 2.085e+00 2.150e+00 2.228e+00 2.321e+00 2.424e+00
 2.533e+00 2.639e+00 2.737e+00 2.804e+00 2.867e+00 2.928e+00 2.994e+00 3.068e+00
 3.156e+00 3.263e+00 3.383e+00 3.488e+00 3.603e+00 3.729e+00 3.863e+00 4.003e+00
 4.147e+00 4.290e+00 4.426e+00 4.534e+00 4.614e+00 4.685e+00 4.745e+00 4.795e+00
 4.836e+00 4.868e+00 4.889e+00 4.907e+00 4.922e+00 4.935e+00 4.946e+00 4.954e+00
 4.962e+00 4.968e+00 4.972e+00 4.975e+00 4.978e+00 4.980e+00 4.983e+00 4.984e+00
 4.986e+00 4.988e+00 4.989e+00 4.990e+00 4.991e+00 4.992e+00 4.993e+00 4.994e+00
 4.996e+00 4.997e+00 5.000e+00 5.004e+00 5.009e+00 5.015e+00 5.023e+00 5.033e+00
 5.048e+00 5.068e+00 5.095e+00 5.131e+00 5.170e+00 5.209e+00 5.255e+00 5.309e+00
 5.372e+00 5.444e+00 5.525e+00 5.616e+00 5.717e+00 5.804e+00 5.888e+00 5.975e+00
 6.066e+00 6.159e+00 6.252e+00 6.331e+00 6.397e+00 6.460e+00 6.519e+00 6.573e+00
 6.624e+00 6.669e+00 6.710e+00 6.746e+00 6.771e+00 6.792e+00 6.811e+00 6.828e+00
 6.843e+00 6.857e+00 6.870e+00 6.882e+00 6.892e+00 6.902e+00 6.911e+00 6.917e+00
 6.922e+00 6.927e+00 6.931e+00 6.936e+00 6.940e+00 6.943e+00 6.946e+00 6.949e+00
 6.951e+00 6.953e+00 6.955e+00 6.957e+00 6.959e+00 6.961e+00 6.962e+00 6.963e+00
 6.964e+00 6.966e+00 6.967e+00 6.968e+00 6.968e+00 6.969e+00 6.970e+00 6.971e+00
 6.971e+00 6.972e+00 6.973e+00 6.973e+00 6.974e+00 6.974e+00 6.974e+00 6.975e+00
 6.975e+00 6.975e+00 6.976e+00 6.976e+00 6.976e+00 6.977e+00 6.977e+00 6.977e+00
 6.977e+00 6.977e+00 6.978e+00 6.978e+00 6.978e+00 6.978e+00 6.978e+00 6.978e+00
 6.979e+00 6.979e+00 6.979e+00 6.979e+00 6.979e+00 6.979e+00 6.979e+00 6.979e+00
 6.979e+00 6.979e+00 6.979e+00 6.979e+00 6.979e+00 6.980e+00 6.980e+00 6.980e+00
Z for tau[ms]=  100.0
 2.356e-01 3.491e-01 4.820e-01 6.175e-01 7.367e-01 8.289e-01 8.935e-01 9.355e-01
 9.616e-01 9.766e-01 9.839e-01 9.891e-01 9.928e-01 9.957e-01 9.983e-01 1.002e+00
 1.005e+00 1.011e+00 1.020e+00 1.035e+00 1.061e+00 1.102e+00 1.165e+00 1.257e+00
 1.364e+00 1.452e+00 1.543e+00 1.632e+00 1.713e+00 1.784e+00 1.845e+00 1.896e+00
 1.943e+00 1.992e+00 2.051e+00 2.125e+00 2.194e+00 2.278e+00 2.375e+00 2.481e+00
 2.589e+00 2.691e+00 2.784e+00 2.848e+00 2.908e+00 2.970e+00 3.038e+00 3.118e+00
 3.216e+00 3.337e+00 3.474e+00 3.593e+00 3.725e+00 3.867e+00 4.016e+00 4.167e+00
 4.315e+00 4.453e+00 4.576e+00 4.668e+00 4.734e+00 4.789e+00 4.834e+00 4.870e+00
 4.899e+00 4.921e+00 4.935e+00 4.947e+00 4.957e+00 4.965e+00 4.971e+00 4.976e+00
 4.981e+00 4.984e+00 4.987e+00 4.988e+00 4.990e+00 4.991e+00 4.992e+00 4.993e+00
 4.994e+00 4.995e+00 4.995e+00 4.996e+00 4.997e+00 4.998e+00 4.999e+00 5.000e+00
 5.002e+00 5.005e+00 5.010e+00 5.018e+00 5.030e+00 5.042e+00 5.059e+00 5.082e+00
 5.112e+00 5.152e+00 5.204e+00 5.270e+00 5.337e+00 5.399e+00 5.470e+00 5.549e+00
 5.639e+00 5.738e+00 5.847e+00 5.965e+00 6.089e+00 6.191e+00 6.283e+00 6.373e+00
 6.459e+00 6.538e+00 6.610e+00 6.667e+00 6.712e+00 6.751e+00 6.786e+00 6.817e+00
 6.843e+00 6.866e+00 6.886e+00 6.903e+00 6.915e+00 6.925e+00 6.933e+00 6.941e+00
 6.947e+00 6.953e+00 6.958e+00 6.963e+00 6.967e+00 6.971e+00 6.974e+00 6.976e+00
 6.978e+00 6.980e+00 6.982e+00 6.983e+00 6.984e+00 6.986e+00 6.987e+00 6.988e+00
 6.988e+00 6.989e+00 6.990e+00 6.990e+00 6.991e+00 6.992e+00 6.992e+00 6.992e+00
 6.993e+00 6.993e+00 6.993e+00 6.994e+00 6.994e+00 6.994e+00 6.994e+00 6.995e+00
 6.995e+00 6.995e+00 6.995e+00 6.995e+00 6.995e+00 6.996e+00 6.996e+00 6.996e+00
 6.996e+00 6.996e+00 6.996e+00 6.996e+00 6.996e+00 6.996e+00 6.996e+00 6.997e+00
 6.997e+00 6.997e+00 6.997e+00 6.997e+00 6.997e+00 6.997e+00 6.997e+00 6.997e+00
 6.997e+00 6.997e+00 6.997e+00 6.997e+00 6.997e+00 6.997e+00 6.997e+00 6.997e+00
 6.997e+00 6.997e+00 6.997e+00 6.997e+00 6.997e+00 6.997e+00 6.997e+00 6.997e+00
Z for tau[ms]= 1000.0
 2.470e-01 3.647e-01 5.005e-01 6.362e-01 7.532e-01 8.419e-01 9.029e-01 9.419e-01
 9.659e-01 9.794e-01 9.860e-01 9.906e-01 9.939e-01 9.965e-01 9.989e-01 1.002e+00
 1.006e+00 1.011e+00 1.021e+00 1.037e+00 1.063e+00 1.105e+00 1.171e+00 1.264e+00
 1.374e+00 1.462e+00 1.554e+00 1.642e+00 1.722e+00 1.792e+00 1.851e+00 1.901e+00
 1.948e+00 1.996e+00 2.055e+00 2.129e+00 2.198e+00 2.283e+00 2.381e+00 2.487e+00
 2.595e+00 2.697e+00 2.789e+00 2.852e+00 2.912e+00 2.974e+00 3.042e+00 3.123e+00
 3.222e+00 3.345e+00 3.483e+00 3.604e+00 3.738e+00 3.881e+00 4.031e+00 4.184e+00
 4.332e+00 4.470e+00 4.591e+00 4.681e+00 4.746e+00 4.799e+00 4.843e+00 4.878e+00
 4.905e+00 4.926e+00 4.940e+00 4.951e+00 4.960e+00 4.967e+00 4.974e+00 4.978e+00
 4.982e+00 4.986e+00 4.988e+00 4.989e+00 4.991e+00 4.992e+00 4.993e+00 4.994e+00
 4.995e+00 4.995e+00 4.996e+00 4.997e+00 4.997e+00 4.998e+00 4.999e+00 5.001e+00
 5.003e+00 5.006e+00 5.011e+00 5.020e+00 5.033e+00 5.046e+00 5.064e+00 5.089e+00
 5.121e+00 5.164e+00 5.220e+00 5.290e+00 5.360e+00 5.425e+00 5.498e+00 5.580e+00
 5.673e+00 5.776e+00 5.888e+00 6.009e+00 6.135e+00 6.237e+00 6.330e+00 6.419e+00
 6.503e+00 6.579e+00 6.648e+00 6.702e+00 6.744e+00 6.781e+00 6.813e+00 6.841e+00
 6.866e+00 6.886e+00 6.904e+00 6.919e+00 6.929e+00 6.938e+00 6.945e+00 6.952e+00
 6.958e+00 6.963e+00 6.967e+00 6.971e+00 6.974e+00 6.978e+00 6.980e+00 6.982e+00
 6.984e+00 6.985e+00 6.987e+00 6.988e+00 6.989e+00 6.990e+00 6.991e+00 6.991e+00
 6.992e+00 6.993e+00 6.993e+00 6.994e+00 6.994e+00 6.995e+00 6.995e+00 6.995e+00
 6.996e+00 6.996e+00 6.996e+00 6.996e+00 6.996e+00 6.997e+00 6.997e+00 6.997e+00
 6.997e+00 6.997e+00 6.997e+00 6.998e+00 6.998e+00 6.998e+00 6.998e+00 6.998e+00
 6.998e+00 6.998e+00 6.998e+00 6.998e+00 6.998e+00 6.998e+00 6.998e+00 6.998e+00
 6.998e+00 6.998e+00 6.998e+00 6.999e+00 6.999e+00 6.999e+00 6.999e+00 6.999e+00
 6.999e+00 6.999e+00 6.999e+00 6.999e+00 6.999e+00 6.999e+00 6.999e+00 6.999e+00
 6.999e+00 6.999e+00 6.999e+00 6.999e+00 6.999e+00 6.999e+00 6.999e+00 6.999e+00
