1.118750000000000133e+00 5.906249999999999556e-01 1.844062500000000160e+00 4.312500000000000222e-01 3.712499999999999689e-01 3.593750000000000000e+00 5.837500000000000000e+08 5.171875000000000222e-01
1.193750000000000089e+00 5.906249999999999556e-01 1.844062500000000160e+00 4.312500000000000222e-01 3.712499999999999689e-01 3.593750000000000000e+00 5.837500000000000000e+08 5.171875000000000222e-01
1.118750000000000133e+00 4.968750000000000111e-01 1.844062500000000160e+00 4.312500000000000222e-01 3.712499999999999689e-01 3.593750000000000000e+00 5.837500000000000000e+08 5.171875000000000222e-01
1.118750000000000133e+00 5.906249999999999556e-01 1.832812500000000178e+00 4.312500000000000222e-01 3.712499999999999689e-01 3.593750000000000000e+00 5.837500000000000000e+08 5.171875000000000222e-01
1.118750000000000133e+00 5.906249999999999556e-01 1.844062500000000160e+00 3.812499999999999778e-01 3.712499999999999689e-01 3.593750000000000000e+00 5.837500000000000000e+08 5.171875000000000222e-01
1.118750000000000133e+00 5.906249999999999556e-01 1.844062500000000160e+00 4.312500000000000222e-01 3.862499999999999822e-01 3.593750000000000000e+00 5.837500000000000000e+08 5.171875000000000222e-01
1.118750000000000133e+00 5.906249999999999556e-01 1.844062500000000160e+00 4.312500000000000222e-01 3.712499999999999689e-01 3.531250000000000000e+00 5.837500000000000000e+08 5.171875000000000222e-01
1.118750000000000133e+00 5.906249999999999556e-01 1.844062500000000160e+00 4.312500000000000222e-01 3.712499999999999689e-01 3.593750000000000000e+00 5.612500000000000000e+08 5.171875000000000222e-01
1.118750000000000133e+00 5.906249999999999556e-01 1.844062500000000160e+00 4.312500000000000222e-01 3.712499999999999689e-01 3.593750000000000000e+00 5.837500000000000000e+08 4.765625000000000000e-01
1.193750000000000089e+00 4.968750000000000111e-01 1.832812500000000178e+00 3.812499999999999778e-01 3.862499999999999822e-01 3.531250000000000000e+00 5.612500000000000000e+08 4.765625000000000000e-01
1.218750000000000000e+00 7.406249999999999778e-01 1.859062500000000062e+00 3.312499999999999889e-01 3.912499999999999867e-01 3.493749999999999911e+00 5.237500000000000000e+08 4.921875000000000000e-01
1.293749999999999956e+00 7.406249999999999778e-01 1.859062500000000062e+00 3.312499999999999889e-01 3.912499999999999867e-01 3.493749999999999911e+00 5.237500000000000000e+08 4.921875000000000000e-01
1.218750000000000000e+00 6.468749999999999778e-01 1.859062500000000062e+00 3.312499999999999889e-01 3.912499999999999867e-01 3.493749999999999911e+00 5.237500000000000000e+08 4.921875000000000000e-01
1.218750000000000000e+00 7.406249999999999778e-01 1.847812500000000080e+00 3.312499999999999889e-01 3.912499999999999867e-01 3.493749999999999911e+00 5.237500000000000000e+08 4.921875000000000000e-01
1.218750000000000000e+00 7.406249999999999778e-01 1.859062500000000062e+00 4.812500000000000111e-01 3.912499999999999867e-01 3.493749999999999911e+00 5.237500000000000000e+08 4.921875000000000000e-01
1.218750000000000000e+00 7.406249999999999778e-01 1.859062500000000062e+00 3.312499999999999889e-01 3.662499999999999645e-01 3.493749999999999911e+00 5.237500000000000000e+08 4.921875000000000000e-01
1.218750000000000000e+00 7.406249999999999778e-01 1.859062500000000062e+00 3.312499999999999889e-01 3.912499999999999867e-01 3.431249999999999911e+00 5.237500000000000000e+08 4.921875000000000000e-01
1.218750000000000000e+00 7.406249999999999778e-01 1.859062500000000062e+00 3.312499999999999889e-01 3.912499999999999867e-01 3.493749999999999911e+00 6.212500000000000000e+08 4.921875000000000000e-01
1.218750000000000000e+00 7.406249999999999778e-01 1.859062500000000062e+00 3.312499999999999889e-01 3.912499999999999867e-01 3.493749999999999911e+00 5.237500000000000000e+08 5.015625000000000222e-01
1.293749999999999956e+00 6.468749999999999778e-01 1.847812500000000080e+00 4.812500000000000111e-01 3.662499999999999645e-01 3.431249999999999911e+00 6.212500000000000000e+08 5.015625000000000222e-01
1.268750000000000044e+00 5.156250000000000000e-01 1.836562500000000098e+00 4.812500000000000111e-01 3.812499999999999778e-01 3.443750000000000089e+00 6.137500000000000000e+08 4.796874999999999889e-01
1.243750000000000133e+00 5.156250000000000000e-01 1.836562500000000098e+00 4.812500000000000111e-01 3.812499999999999778e-01 3.443750000000000089e+00 6.137500000000000000e+08 4.796874999999999889e-01
1.268750000000000044e+00 7.218750000000000444e-01 1.836562500000000098e+00 4.812500000000000111e-01 3.812499999999999778e-01 3.443750000000000089e+00 6.137500000000000000e+08 4.796874999999999889e-01
1.268750000000000044e+00 5.156250000000000000e-01 1.855312500000000142e+00 4.812500000000000111e-01 3.812499999999999778e-01 3.443750000000000089e+00 6.137500000000000000e+08 4.796874999999999889e-01
1.268750000000000044e+00 5.156250000000000000e-01 1.836562500000000098e+00 4.312500000000000222e-01 3.812499999999999778e-01 3.443750000000000089e+00 6.137500000000000000e+08 4.796874999999999889e-01
1.268750000000000044e+00 5.156250000000000000e-01 1.836562500000000098e+00 4.812500000000000111e-01 3.962499999999999911e-01 3.443750000000000089e+00 6.137500000000000000e+08 4.796874999999999889e-01
1.268750000000000044e+00 5.156250000000000000e-01 1.836562500000000098e+00 4.812500000000000111e-01 3.812499999999999778e-01 3.581250000000000266e+00 6.137500000000000000e+08 4.796874999999999889e-01
1.268750000000000044e+00 5.156250000000000000e-01 1.836562500000000098e+00 4.812500000000000111e-01 3.812499999999999778e-01 3.443750000000000089e+00 5.912500000000000000e+08 4.796874999999999889e-01
1.268750000000000044e+00 5.156250000000000000e-01 1.836562500000000098e+00 4.812500000000000111e-01 3.812499999999999778e-01 3.443750000000000089e+00 6.137500000000000000e+08 4.890625000000000111e-01
1.243750000000000133e+00 7.218750000000000444e-01 1.855312500000000142e+00 4.312500000000000222e-01 3.962499999999999911e-01 3.581250000000000266e+00 5.912500000000000000e+08 4.890625000000000111e-01
1.168750000000000178e+00 6.656250000000000222e-01 1.851562500000000000e+00 3.812499999999999778e-01 3.612499999999999600e-01 3.543750000000000178e+00 5.537500000000000000e+08 5.046874999999999556e-01
1.143750000000000044e+00 6.656250000000000222e-01 1.851562500000000000e+00 3.812499999999999778e-01 3.612499999999999600e-01 3.543750000000000178e+00 5.537500000000000000e+08 5.046874999999999556e-01
1.168750000000000178e+00 5.718750000000000222e-01 1.851562500000000000e+00 3.812499999999999778e-01 3.612499999999999600e-01 3.543750000000000178e+00 5.537500000000000000e+08 5.046874999999999556e-01
1.168750000000000178e+00 6.656250000000000222e-01 1.840312500000000018e+00 3.812499999999999778e-01 3.612499999999999600e-01 3.543750000000000178e+00 5.537500000000000000e+08 5.046874999999999556e-01
1.168750000000000178e+00 6.656250000000000222e-01 1.851562500000000000e+00 3.312499999999999889e-01 3.612499999999999600e-01 3.543750000000000178e+00 5.537500000000000000e+08 5.046874999999999556e-01
1.168750000000000178e+00 6.656250000000000222e-01 1.851562500000000000e+00 3.812499999999999778e-01 3.762499999999999734e-01 3.543750000000000178e+00 5.537500000000000000e+08 5.046874999999999556e-01
1.168750000000000178e+00 6.656250000000000222e-01 1.851562500000000000e+00 3.812499999999999778e-01 3.612499999999999600e-01 3.481250000000000178e+00 5.537500000000000000e+08 5.046874999999999556e-01
1.168750000000000178e+00 6.656250000000000222e-01 1.851562500000000000e+00 3.812499999999999778e-01 3.612499999999999600e-01 3.543750000000000178e+00 5.312500000000000000e+08 5.046874999999999556e-01
1.168750000000000178e+00 6.656250000000000222e-01 1.851562500000000000e+00 3.812499999999999778e-01 3.612499999999999600e-01 3.543750000000000178e+00 5.537500000000000000e+08 5.140624999999999778e-01
1.143750000000000044e+00 5.718750000000000222e-01 1.840312500000000018e+00 3.312499999999999889e-01 3.762499999999999734e-01 3.481250000000000178e+00 5.312500000000000000e+08 5.140624999999999778e-01
1.193750000000000089e+00 4.781250000000000222e-01 1.855312500000000142e+00 3.562500000000000111e-01 3.662499999999999645e-01 3.568750000000000089e+00 6.287500000000000000e+08 4.859374999999999667e-01
1.218750000000000000e+00 4.781250000000000222e-01 1.855312500000000142e+00 3.562500000000000111e-01 3.662499999999999645e-01 3.568750000000000089e+00 6.287500000000000000e+08 4.859374999999999667e-01
1.193750000000000089e+00 6.093750000000000000e-01 1.855312500000000142e+00 3.562500000000000111e-01 3.662499999999999645e-01 3.568750000000000089e+00 6.287500000000000000e+08 4.859374999999999667e-01
1.193750000000000089e+00 4.781250000000000222e-01 1.859062500000000062e+00 3.562500000000000111e-01 3.662499999999999645e-01 3.568750000000000089e+00 6.287500000000000000e+08 4.859374999999999667e-01
1.193750000000000089e+00 4.781250000000000222e-01 1.855312500000000142e+00 3.062499999999999667e-01 3.662499999999999645e-01 3.568750000000000089e+00 6.287500000000000000e+08 4.859374999999999667e-01
1.193750000000000089e+00 4.781250000000000222e-01 1.855312500000000142e+00 3.562500000000000111e-01 3.912499999999999867e-01 3.568750000000000089e+00 6.287500000000000000e+08 4.859374999999999667e-01
1.193750000000000089e+00 4.781250000000000222e-01 1.855312500000000142e+00 3.562500000000000111e-01 3.662499999999999645e-01 3.406250000000000000e+00 6.287500000000000000e+08 4.859374999999999667e-01
1.193750000000000089e+00 4.781250000000000222e-01 1.855312500000000142e+00 3.562500000000000111e-01 3.662499999999999645e-01 3.568750000000000089e+00 5.462500000000000000e+08 4.859374999999999667e-01
1.193750000000000089e+00 4.781250000000000222e-01 1.855312500000000142e+00 3.562500000000000111e-01 3.662499999999999645e-01 3.568750000000000089e+00 6.287500000000000000e+08 5.203125000000000666e-01
1.218750000000000000e+00 6.093750000000000000e-01 1.859062500000000062e+00 3.062499999999999667e-01 3.912499999999999867e-01 3.406250000000000000e+00 5.462500000000000000e+08 5.203125000000000666e-01
