  number of constrains
  24
  
  Constrains selection
  1   2   5   8  11  13  15  16  24  25  26  27  30  31  32  33  34  35  36  60  65  62  68  72
  
  number of variables
  42
  
  Variables selection
  2   3   4   5   6   9  13  14  16  18  29  36  37  38  39  41  42  44  48  49  50  51  52  53  54  56  57  58  59  60  61 103 106 109 110 117 113 122 123 135  35  25
  
  
  n VMCOM iter | Figure of merit | VMCON conv      | constrains quad sum |   residual,   input values and  FoM input gradients
  niter          abs(objf)         sum                sqsumsq                  1                 2                 5                 8                11                13                15                16                24                25                26                27                30                31                32                33                34                35                36                60                65                62                68                72                 2                 3                 4                 5                 6                 9                13                14                16                18                29                36                37                38                39                41                42                44                48                49                50                51                52                53                54                56                57                58                59                60                61               103               106               109               110               117               113               122               123               135                35                25                 2                 3                 4                 5                 6                 9                13                14                16                18                29                36                37                38                39                41                42                44                48                49                50                51                52                53                54                56                57                58                59                60                61               103               106               109               110               117               113               122               123               135                35                25
    2            0.1737480000E+01  0.1269872470E-03  0.3941571314E-03  0.2206583599E-04  0.1727542730E-04 -0.2861941219E-05 -0.6177537344E-04  0.6574992657E-05  0.1847907691E-04  0.5421888463E-04  0.1001556945E-03 -0.9059179449E-05  0.1635549513E-04  0.9265063927E-04  0.8854077703E-04 -0.9534433656E-04  0.1914615104E-04  0.5473952676E-05  0.1290841542E-03  0.6388504747E-07  0.8485264759E-04  0.2307219006E-03  0.1737096098E-03  0.1131485761E-04 -0.2059015904E-04 -0.4846518813E-04  0.3103419292E-04  0.1000000000E+01  0.1000000000E+01  0.1000000000E+01  0.1000000000E+01  0.1000000000E+01  0.1000000000E+01  0.1000000000E+01  0.1000000000E+01  0.1000000000E+01  0.1000000000E+01  0.1000000000E+01  0.1000000000E+01  0.1000000000E+01  0.1000000000E+01  0.1000000000E+01  0.1000000000E+01  0.1000000000E+01  0.1000000000E+01  0.1000000000E+01  0.1000000000E+01  0.1000000000E+01  0.1000000000E+01  0.1000000000E+01  0.1000000000E+01  0.1000000000E+01  0.1000000000E+01  0.1000000000E+01  0.1000000000E+01  0.1000000000E+01  0.1000000000E+01  0.1000000000E+01  0.1000000000E+01  0.1000000000E+01  0.1000000000E+01  0.1000000000E+01  0.1000000000E+01  0.1000000000E+01  0.1000000000E+01  0.1000000000E+01  0.1000000000E+01  0.1000000000E+01  0.1000000000E+01  0.1762777871E-04 -0.1882685542E-04 -0.2674080513E-04 -0.7656151670E-05  0.3424636237E-04 -0.9644951504E-16  0.2470808016E-04  0.7082536433E-04 -0.5077763173E-04  0.5801723502E-16 -0.8411720080E-04  0.6342762976E-05  0.9340831539E-03  0.2410510609E-02 -0.4549771916E-02 -0.1509786004E-02  0.2134736129E-15  0.4716096646E-04  0.3315579134E-16  0.2784286791E-04 -0.2143711330E-04 -0.5500149361E-16 -0.5424819353E-16 -0.2629684046E-15  0.1326149068E-15  0.9606385951E-05  0.4621035686E-04 -0.4823068675E-16 -0.2816359199E-04  0.0000000000E+00  0.2259945807E-15 -0.3262251917E-04  0.5424798177E-16  0.4322129467E-05 -0.7831949119E-16 -0.4825863884E-16 -0.5379329530E-05 -0.1307839368E-02  0.6668352111E-16  0.2272127492E-04  0.2372789095E-04  0.2806849470E-15
    3            0.1737462950E+01  0.1302068238E-03  0.2521468660E-02  0.1224598565E-04  0.5949145256E-05 -0.1370015346E-05 -0.3027302348E-04  0.3147963864E-05  0.1502879350E-05  0.4923005174E-04  0.4409882375E-04 -0.2316025308E-05  0.7830570067E-05  0.4285116426E-04  0.4069088003E-04 -0.1450542390E-05  0.9090365672E-05  0.2533614782E-05  0.6180115700E-04 -0.2209811065E-06  0.4062572177E-04  0.1104571152E-03 -0.2515661890E-02  0.5417364811E-05 -0.3571989172E-05 -0.4650810052E-04  0.1548296145E-04  0.1000009188E+01  0.9999901871E+00  0.9999860622E+00  0.9999960095E+00  0.1000017850E+01  0.1000000000E+01  0.1000012878E+01  0.1000036915E+01  0.9999735338E+00  0.1000000000E+01  0.9999561566E+00  0.1000003306E+01  0.1000486861E+01  0.1001256400E+01  0.9976285792E+00  0.9992130731E+00  0.1000000000E+01  0.1000024581E+01  0.1000000000E+01  0.1000014512E+01  0.9999888266E+00  0.1000000000E+01  0.1000000000E+01  0.1000000000E+01  0.1000000000E+01  0.1000005007E+01  0.1000024086E+01  0.1000000000E+01  0.9999853206E+00  0.1000000000E+01  0.1000000000E+01  0.9999829966E+00  0.1000000000E+01  0.1000002253E+01  0.1000000000E+01  0.1000000000E+01  0.9999971962E+00  0.9993183312E+00  0.1000000000E+01  0.1000011843E+01  0.1000012367E+01  0.1000000000E+01 -0.1879521912E-04  0.2088382335E-04 -0.1414411676E-04 -0.5467095000E-05 -0.4073685939E-04  0.9637667021E-16 -0.5897323566E-04 -0.4624931339E-04  0.1052155098E-04 -0.2272678902E-16  0.8160171743E-04 -0.3674746922E-06 -0.3890891263E-03 -0.1490368421E-02  0.8255677977E-03  0.4959794918E-03  0.0000000000E+00 -0.1336842309E-04  0.1928921521E-15 -0.3039601624E-04  0.3016240388E-04 -0.9644890699E-16  0.3017435477E-17  0.1110223025E-15  0.0000000000E+00 -0.4728437899E-05 -0.4077669393E-04  0.0000000000E+00  0.3159643099E-04  0.0000000000E+00  0.0000000000E+00  0.4599872900E-04  0.0000000000E+00 -0.1244851206E-04 -0.2893220197E-15  0.2892943350E-15  0.3450208724E-05  0.2740896193E-03 -0.3035982249E-17 -0.3485543436E-04 -0.2923444504E-04 -0.5596720898E-15
    4            0.1737499236E+01  0.1195849611E-04  0.2430403147E-03  0.2224532503E-06 -0.3089666593E-06  0.1089142110E-08 -0.9121034661E-07  0.1209750078E-09  0.4617363517E-05  0.3075621475E-05 -0.1252210994E-04  0.2677703614E-06 -0.1880705591E-09 -0.1409603227E-05  0.4339944106E-06  0.5994030170E-05  0.1310209132E-06  0.1488434698E-06 -0.1548944861E-07  0.4332296792E-06 -0.1150228890E-07 -0.3169629592E-07  0.2425544290E-03  0.9979401749E-09  0.8262702200E-06 -0.2998168598E-05  0.3633066230E-06  0.9999903927E+00  0.1000011071E+01  0.9999719181E+00  0.9999905424E+00  0.9999771129E+00  0.1000000000E+01  0.9999539050E+00  0.9999906661E+00  0.9999840554E+00  0.1000000000E+01  0.1000037758E+01  0.1000002938E+01  0.1000097771E+01  0.9997660319E+00  0.9984541470E+00  0.9997090526E+00  0.1000000000E+01  0.1000011213E+01  0.1000000000E+01  0.9999841162E+00  0.1000018989E+01  0.1000000000E+01  0.1000000000E+01  0.1000000000E+01  0.1000000000E+01  0.1000000279E+01  0.9999833090E+00  0.1000000000E+01  0.1000016917E+01  0.1000000000E+01  0.1000000000E+01  0.1000028995E+01  0.1000000000E+01  0.9999898043E+00  0.1000000000E+01  0.1000000000E+01  0.1000000646E+01  0.9995924208E+00  0.1000000000E+01  0.9999769873E+00  0.9999831329E+00  0.1000000000E+01  0.3823417430E-05 -0.1548478849E-05  0.2693691086E-05 -0.2357904632E-07  0.5372627184E-05 -0.2893756502E-15  0.8510872664E-05  0.1061578491E-04  0.6723733609E-04  0.4520520446E-16 -0.2589674532E-04  0.1809302706E-06 -0.3161812949E-04  0.1170438519E-03  0.1288637754E-03  0.5172924173E-05 -0.8481838893E-18 -0.5346636196E-05 -0.1044920998E-15  0.4093642738E-05 -0.4394631571E-05  0.2127419534E-15  0.1687828397E-15  0.1733094653E-15 -0.5628032707E-16  0.3688347272E-05  0.1025817389E-04  0.0000000000E+00 -0.4531332164E-05  0.0000000000E+00  0.0000000000E+00 -0.8755937588E-05  0.2963746560E-16  0.5660889580E-05  0.5018611820E-15 -0.2461535956E-15  0.1307739634E-05  0.8483180017E-05  0.2160549648E-17  0.9703841780E-05  0.4515737533E-05  0.1567712970E-16
    5            0.1737496545E+01  0.2482211772E-05  0.1388131208E-04 -0.2195732457E-06  0.3040720165E-06  0.1867572763E-10  0.9037147852E-07  0.7358558207E-12  0.5768562059E-06 -0.3057586299E-05  0.2339356994E-05 -0.2636719837E-06  0.1889155499E-11 -0.2472530292E-08 -0.4648093466E-08 -0.5812357544E-05 -0.1299252639E-07 -0.1478742295E-07 -0.2590588855E-09 -0.4284928001E-07 -0.1166201580E-09 -0.9191972739E-09  0.1155814015E-04  0.1177058451E-10 -0.8219895559E-06  0.3044050125E-05  0.3245931079E-08  0.9999942161E+00  0.1000009522E+01  0.9999746118E+00  0.9999905188E+00  0.9999824856E+00  0.1000000000E+01  0.9999624159E+00  0.1000001282E+01  0.1000051293E+01  0.1000000000E+01  0.1000011862E+01  0.1000003119E+01  0.1000066153E+01  0.9998830758E+00  0.9985830108E+00  0.9997142255E+00  0.1000000000E+01  0.1000005866E+01  0.1000000000E+01  0.9999882098E+00  0.1000014594E+01  0.1000000000E+01  0.1000000000E+01  0.1000000000E+01  0.1000000000E+01  0.1000003967E+01  0.9999935671E+00  0.1000000000E+01  0.1000012386E+01  0.1000000000E+01  0.1000000000E+01  0.1000020239E+01  0.1000000000E+01  0.9999954651E+00  0.1000000000E+01  0.1000000000E+01  0.1000001954E+01  0.9996009040E+00  0.1000000000E+01  0.9999866911E+00  0.9999876487E+00  0.1000000000E+01  0.1384911465E-06 -0.5144845900E-06 -0.3366503701E-06  0.4700176627E-07  0.6529743908E-06 -0.2455217626E-15  0.5523700897E-06  0.4946812382E-06  0.1501206772E-04 -0.6776263577E-20 -0.5373983929E-05  0.5730314182E-07 -0.1514664483E-04 -0.8343175125E-05  0.3848238989E-04  0.1053112052E-04  0.0000000000E+00  0.4763649407E-05 -0.2230075115E-15  0.5005433688E-06 -0.3818385437E-06  0.1058791184E-21 -0.2197840694E-15 -0.2220446049E-15  0.1118935009E-15 -0.2890281986E-06  0.1200262937E-06  0.0000000000E+00 -0.4769833735E-06  0.0000000000E+00  0.1513024624E-17 -0.3032186984E-06  0.0000000000E+00 -0.4214981753E-06 -0.2137578276E-15  0.1023053986E-29 -0.3144908283E-06  0.4860811996E-05  0.6856445533E-16 -0.2298926659E-06  0.3683760564E-06  0.5420137422E-15
    6            0.1737495651E+01  0.1535815463E-05  0.2443583542E-04  0.1850928921E-06 -0.2559213890E-06  0.7220890552E-12 -0.7631336185E-07 -0.2993161274E-12 -0.3367016006E-06  0.2571996196E-05 -0.1581172399E-05  0.2224156075E-06 -0.4745093207E-12  0.5792744062E-09 -0.3149780436E-10  0.4875406226E-05 -0.3063856724E-08 -0.3486609557E-08 -0.1001976280E-10 -0.1011003203E-07 -0.3470224108E-11 -0.2142286348E-10  0.2359783553E-04 -0.4392375352E-11  0.6931177383E-06 -0.2572625582E-05  0.4405706910E-09  0.9999943546E+00  0.1000009008E+01  0.9999742751E+00  0.9999905658E+00  0.9999831385E+00  0.1000000000E+01  0.9999629683E+00  0.1000001777E+01  0.1000066305E+01  0.1000000000E+01  0.1000006488E+01  0.1000003177E+01  0.1000051007E+01  0.9998747326E+00  0.9986214931E+00  0.9997247566E+00  0.1000000000E+01  0.1000010630E+01  0.1000000000E+01  0.9999887104E+00  0.1000014213E+01  0.1000000000E+01  0.1000000000E+01  0.1000000000E+01  0.1000000000E+01  0.1000003678E+01  0.9999936872E+00  0.1000000000E+01  0.1000011909E+01  0.1000000000E+01  0.1000000000E+01  0.1000019936E+01  0.1000000000E+01  0.9999950436E+00  0.1000000000E+01  0.1000000000E+01  0.1000001640E+01  0.9996057648E+00  0.1000000000E+01  0.9999864612E+00  0.9999880171E+00  0.1000000000E+01  0.7004620395E-07 -0.2001498283E-07  0.5866270470E-07  0.1765435378E-09  0.9006032940E-07  0.6515610274E-15  0.1583426146E-06  0.1940672523E-06  0.7414665590E-05  0.3376275128E-15 -0.1922777835E-05  0.3625314383E-08 -0.3646564146E-05  0.1142246661E-04  0.1111150191E-04  0.1621725011E-06  0.0000000000E+00 -0.3956870529E-05  0.5939044076E-16  0.7237362782E-07 -0.7644483915E-07  0.1331438952E-16 -0.7236402958E-16  0.1117866024E-16  0.1923482385E-16  0.9593024401E-07  0.2008102524E-06  0.1779749819E-17 -0.7463957984E-07  0.0000000000E+00  0.0000000000E+00 -0.1624864977E-06 -0.2845427616E-16  0.1138731572E-06 -0.1808576638E-16  0.0000000000E+00  0.9913677610E-08  0.5466291062E-06  0.6757053650E-16  0.2090715289E-06  0.7898892999E-07 -0.2089860291E-15
    7            0.1737495616E+01  0.1145204346E-05  0.5311127544E-05 -0.1549785080E-06  0.2142827433E-06  0.1472155731E-12  0.6364881244E-07 -0.1720845688E-13  0.8190614409E-08 -0.2154068660E-05  0.1289639047E-05 -0.1862195818E-06  0.4152234112E-13 -0.3030531381E-10 -0.1536759608E-10 -0.4084603135E-05 -0.2468292237E-09 -0.2807243327E-09 -0.1987299214E-12 -0.8158128617E-09  0.2353672812E-13  0.6308953360E-11  0.3691788983E-06  0.7416289804E-13 -0.5805135054E-06  0.2153808518E-05  0.3498379364E-10  0.9999944246E+00  0.1000008988E+01  0.9999743338E+00  0.9999905660E+00  0.9999832286E+00  0.1000000000E+01  0.9999631266E+00  0.1000001971E+01  0.1000073719E+01  0.1000000000E+01  0.1000004565E+01  0.1000003180E+01  0.1000047360E+01  0.9998861551E+00  0.9986326046E+00  0.9997249188E+00  0.1000000000E+01  0.1000006673E+01  0.1000000000E+01  0.9999887827E+00  0.1000014136E+01  0.1000000000E+01  0.1000000000E+01  0.1000000000E+01  0.1000000000E+01  0.1000003774E+01  0.9999938880E+00  0.1000000000E+01  0.1000011834E+01  0.1000000000E+01  0.1000000000E+01  0.1000019774E+01  0.1000000000E+01  0.9999951575E+00  0.1000000000E+01  0.1000000000E+01  0.1000001650E+01  0.9996063115E+00  0.1000000000E+01  0.9999866703E+00  0.9999880960E+00  0.1000000000E+01  0.1026064475E-06 -0.1896171511E-06 -0.6867368335E-07  0.1392496295E-07  0.2922175167E-06 -0.1626303259E-18  0.3047850112E-06  0.3197524843E-06 -0.6743268711E-06 -0.4923071911E-15 -0.5708155843E-06  0.2065358991E-07  0.1319092401E-05  0.1758704412E-05 -0.4920101970E-05 -0.1459442879E-05  0.0000000000E+00  0.3323148528E-05 -0.4808674808E-16  0.2222465033E-06 -0.1896352788E-06  0.2049378553E-15  0.1293344253E-15  0.3628677143E-16 -0.2260662564E-16 -0.4452583363E-07  0.1912566384E-06 -0.5387876974E-16 -0.2234673565E-06  0.0000000000E+00  0.0000000000E+00 -0.2277899687E-06 -0.1774324855E-16 -0.4948206472E-07 -0.3372908965E-15  0.9644951504E-16 -0.7477193313E-07 -0.1531801145E-05 -0.1733608828E-16  0.6082516423E-07  0.1873321789E-06  0.2411696680E-15
    8            0.1737495287E+01  0.1074798633E-05  0.5526197347E-05  0.1296892400E-06 -0.1793028994E-06  0.2822186929E-12 -0.5333027675E-07 -0.1290079155E-12 -0.9684846403E-07  0.1802198059E-05 -0.1010356328E-05  0.1558397913E-06 -0.1200151090E-12 -0.5936284797E-10 -0.8369527293E-11  0.3416627465E-05 -0.1158828589E-08 -0.1318840814E-08 -0.2312372516E-11 -0.3823914629E-08 -0.6498135363E-12 -0.2903755014E-10 -0.3320532456E-05 -0.1455391363E-11  0.4857506541E-06 -0.1802606537E-05  0.1900923863E-11  0.9999945272E+00  0.1000008798E+01  0.9999742651E+00  0.9999905799E+00  0.9999835208E+00  0.1000000000E+01  0.9999634314E+00  0.1000002290E+01  0.1000073045E+01  0.1000000000E+01  0.1000003994E+01  0.1000003201E+01  0.1000048679E+01  0.9998879138E+00  0.9986276845E+00  0.9997234594E+00  0.1000000000E+01  0.1000009996E+01  0.1000000000E+01  0.9999890050E+00  0.1000013946E+01  0.1000000000E+01  0.1000000000E+01  0.1000000000E+01  0.1000000000E+01  0.1000003729E+01  0.9999940792E+00  0.1000000000E+01  0.1000011611E+01  0.1000000000E+01  0.1000000000E+01  0.1000019546E+01  0.1000000000E+01  0.9999951080E+00  0.1000000000E+01  0.1000000000E+01  0.1000001575E+01  0.9996047797E+00  0.1000000000E+01  0.9999867311E+00  0.9999882834E+00  0.1000000000E+01 -0.1253618773E-06  0.1917826516E-06  0.4586222229E-07 -0.1312245970E-07 -0.3171378849E-06  0.9634109482E-16 -0.3512149965E-06 -0.3812474858E-06  0.9014932143E-06  0.6752008154E-15  0.5532300377E-06 -0.2104005591E-07 -0.1339515630E-05 -0.2788233531E-05  0.3179565859E-06  0.6708287889E-06  0.0000000000E+00 -0.2767930399E-05  0.2988345509E-16 -0.2409226053E-06  0.2123219447E-06 -0.2220446049E-15  0.5332796834E-17  0.1184909967E-15 -0.2938578371E-16  0.1737389925E-07 -0.2556647984E-06  0.3012948849E-17  0.2457727121E-06  0.0000000000E+00  0.0000000000E+00  0.2801037381E-06 -0.7468433446E-17  0.6329556279E-08  0.2361094386E-15 -0.1929261351E-15  0.6011975886E-07  0.1754007100E-06  0.4022305411E-16 -0.1295882471E-06 -0.2110553951E-06  0.1906847515E-16
    9            0.1737495620E+01  0.8388332147E-06  0.3961684029E-05 -0.1074357088E-06  0.1485315027E-06 -0.1779687508E-12  0.4417910260E-07  0.1354472090E-12  0.8723662592E-07 -0.1492889908E-05  0.8279093346E-06 -0.1291005720E-06  0.4374278717E-13  0.6324252233E-10 -0.6866729407E-12 -0.2830071050E-05  0.1202131950E-08  0.1368057001E-08  0.1798561300E-12  0.3967111750E-08 -0.5370148770E-12  0.2968403301E-10  0.1522996107E-05  0.1464828259E-11 -0.4024042021E-06  0.1493380627E-05  0.1101341240E-11  0.9999944019E+00  0.1000008990E+01  0.9999743110E+00  0.9999905668E+00  0.9999832037E+00  0.1000000000E+01  0.9999630802E+00  0.1000001909E+01  0.1000073947E+01  0.1000000000E+01  0.1000004547E+01  0.1000003180E+01  0.1000047340E+01  0.9998851255E+00  0.9986280025E+00  0.9997241302E+00  0.1000000000E+01  0.1000007228E+01  0.1000000000E+01  0.9999887641E+00  0.1000014159E+01  0.1000000000E+01  0.1000000000E+01  0.1000000000E+01  0.1000000000E+01  0.1000003747E+01  0.9999938236E+00  0.1000000000E+01  0.1000011856E+01  0.1000000000E+01  0.1000000000E+01  0.1000019826E+01  0.1000000000E+01  0.9999951144E+00  0.1000000000E+01  0.1000000000E+01  0.1000001635E+01  0.9996049551E+00  0.1000000000E+01  0.9999866015E+00  0.9999880723E+00  0.1000000000E+01  0.9218020547E-07 -0.1443547250E-06 -0.3697414915E-07  0.9887433363E-08  0.2365298924E-06  0.2891859148E-15  0.2594515097E-06  0.2810291698E-06  0.1062485042E-05 -0.9072847074E-15 -0.8272032077E-06  0.1576160325E-07 -0.6826346203E-06  0.3240323785E-06  0.9124699660E-06  0.1568600331E-06  0.0000000000E+00  0.2299013622E-05  0.1204219178E-15  0.1793951793E-06 -0.1577318617E-06  0.0000000000E+00 -0.3049685909E-16 -0.2611930930E-15  0.3389855645E-16 -0.1756421894E-07  0.1854770085E-06  0.4520667353E-16 -0.1832129587E-06  0.0000000000E+00  0.0000000000E+00 -0.2055922029E-06 -0.6753706657E-17 -0.9113566566E-08  0.1424652105E-16  0.1255950899E-15 -0.4512477512E-07 -0.3939592080E-06 -0.2919603973E-16  0.8959240222E-07  0.1566817700E-06 -0.4149353159E-15
   10            0.1737495369E+01  0.6553446648E-06  0.3074871640E-05  0.8958959286E-07 -0.1238608730E-06  0.2344791028E-12 -0.3684888084E-07 -0.9914291610E-13 -0.6599694558E-07  0.1244935559E-05 -0.7100801679E-06  0.1076553362E-06 -0.7438494265E-13 -0.5946920734E-10 -0.2678968158E-12  0.2360029604E-05 -0.8991761780E-09 -0.1023286456E-08 -0.1629141266E-11 -0.2967333712E-08 -0.4061195824E-12 -0.2011846245E-10  0.3563487307E-06 -0.1057154364E-11  0.3355531029E-06 -0.1245293376E-05  0.3026467965E-12  0.9999944941E+00  0.1000008846E+01  0.9999742740E+00  0.9999905767E+00  0.9999834402E+00  0.1000000000E+01  0.9999633397E+00  0.1000002190E+01  0.1000075009E+01  0.1000000000E+01  0.1000003720E+01  0.1000003196E+01  0.1000046657E+01  0.9998854496E+00  0.9986289150E+00  0.9997242870E+00  0.1000000000E+01  0.1000009527E+01  0.1000000000E+01  0.9999889435E+00  0.1000014001E+01  0.1000000000E+01  0.1000000000E+01  0.1000000000E+01  0.1000000000E+01  0.1000003729E+01  0.9999940090E+00  0.1000000000E+01  0.1000011673E+01  0.1000000000E+01  0.1000000000E+01  0.1000019620E+01  0.1000000000E+01  0.9999951053E+00  0.1000000000E+01  0.1000000000E+01  0.1000001590E+01  0.9996045611E+00  0.1000000000E+01  0.9999866911E+00  0.9999882290E+00  0.1000000000E+01 -0.6097571522E-07  0.1033160557E-06  0.3198582507E-07 -0.7229682236E-08 -0.1642881945E-06 -0.2917267990E-16 -0.1753040338E-06 -0.1876601098E-06  0.1026891690E-05 -0.6732426899E-16  0.1602439617E-06 -0.1119534993E-07 -0.7137914159E-06  0.6230727422E-07 -0.5348295206E-06 -0.1150394606E-06  0.0000000000E+00 -0.1913894334E-05 -0.1704353227E-15 -0.1244119020E-06  0.1081302204E-06  0.7907322153E-16  0.1506915676E-15  0.5206871775E-16  0.1842975030E-16  0.2028613199E-07 -0.1178129799E-06  0.1056760799E-15  0.1267187037E-06  0.0000000000E+00  0.0000000000E+00  0.1354874263E-06  0.7409658257E-18  0.1659857482E-07  0.4975811825E-15  0.4003708476E-15  0.3457819852E-07 -0.2922540788E-06 -0.1632778852E-15 -0.4752008345E-07 -0.1071401164E-06  0.2221349100E-15
   11            0.1737495549E+01  0.5416250323E-06  0.2551685155E-05 -0.7447675676E-07  0.1029677152E-06 -0.1044719866E-12  0.3061936926E-07  0.7105427358E-13  0.4913497986E-07 -0.1034957910E-05  0.5872811695E-06 -0.8949420871E-07  0.3552713679E-13  0.3706146501E-10 -0.4850120305E-11 -0.1962082712E-05  0.6346256853E-09  0.7222458187E-09  0.3874678356E-12  0.2094080687E-08 -0.1250111126E-12  0.1678590600E-10 -0.2613878211E-06  0.8022471576E-12 -0.2789576788E-06  0.1035198088E-05 -0.1146416295E-11  0.9999944331E+00  0.1000008949E+01  0.9999743060E+00  0.9999905694E+00  0.9999832759E+00  0.1000000000E+01  0.9999631644E+00  0.1000002003E+01  0.1000076036E+01  0.1000000000E+01  0.1000003880E+01  0.1000003185E+01  0.1000045943E+01  0.9998855119E+00  0.9986283801E+00  0.9997241720E+00  0.1000000000E+01  0.1000007613E+01  0.1000000000E+01  0.9999888190E+00  0.1000014109E+01  0.1000000000E+01  0.1000000000E+01  0.1000000000E+01  0.1000000000E+01  0.1000003749E+01  0.9999938912E+00  0.1000000000E+01  0.1000011800E+01  0.1000000000E+01  0.1000000000E+01  0.1000019756E+01  0.1000000000E+01  0.9999951219E+00  0.1000000000E+01  0.1000000000E+01  0.1000001624E+01  0.9996042688E+00  0.1000000000E+01  0.9999866436E+00  0.9999881219E+00  0.1000000000E+01  0.5050519726E-07 -0.8552759900E-07 -0.2644640904E-07  0.5989881786E-08  0.1360298750E-06 -0.5113660450E-15  0.1453126047E-06  0.1554323280E-06  0.4476687469E-06  0.5742008594E-15 -0.4413681055E-06  0.9268341728E-08 -0.3291886474E-06 -0.3674156131E-06 -0.3067230289E-06  0.2184550447E-07  0.0000000000E+00  0.1593998663E-05 -0.1594848870E-16  0.1030878146E-06 -0.8954177292E-07 -0.1495017081E-15 -0.3124774602E-15  0.7962067435E-16  0.5111150007E-16 -0.1635441404E-07  0.9777052568E-07  0.1142624591E-15 -0.1048753855E-06  0.0000000000E+00  0.0000000000E+00 -0.1122821857E-06  0.3265693026E-17 -0.1368641951E-07  0.8762642297E-16  0.2602029703E-15 -0.2900760306E-07 -0.4081690121E-06  0.1135715356E-15  0.3947369129E-07  0.8872122232E-07 -0.4339155921E-15
   12            0.1737495400E+01  0.4547224432E-06  0.2120545686E-05  0.6216470427E-07 -0.8594625367E-07  0.1194599974E-12 -0.2556528378E-07 -0.5928590951E-13 -0.4084672556E-07  0.8638685218E-06 -0.4959424927E-06  0.7469960850E-07 -0.4518607710E-13 -0.3547107053E-10 -0.1084909940E-11  0.1637696568E-05 -0.5252251967E-09 -0.5977192075E-09 -0.8367750937E-12 -0.1733223121E-08 -0.1604272271E-12 -0.1152378193E-10  0.4957674871E-07 -0.6491474025E-12  0.2328359501E-06 -0.8640652914E-06 -0.4954925359E-12  0.9999944836E+00  0.1000008864E+01  0.9999742796E+00  0.9999905754E+00  0.9999834120E+00  0.1000000000E+01  0.9999633097E+00  0.1000002158E+01  0.1000076484E+01  0.1000000000E+01  0.1000003439E+01  0.1000003194E+01  0.1000045614E+01  0.9998851445E+00  0.9986280734E+00  0.9997241938E+00  0.1000000000E+01  0.1000009207E+01  0.1000000000E+01  0.9999889221E+00  0.1000014020E+01  0.1000000000E+01  0.1000000000E+01  0.1000000000E+01  0.1000000000E+01  0.1000003733E+01  0.9999939890E+00  0.1000000000E+01  0.1000011695E+01  0.1000000000E+01  0.1000000000E+01  0.1000019644E+01  0.1000000000E+01  0.9999951082E+00  0.1000000000E+01  0.1000000000E+01  0.1000001595E+01  0.9996038607E+00  0.1000000000E+01  0.9999866831E+00  0.9999882106E+00  0.1000000000E+01 -0.4381496402E-07  0.7400402411E-07  0.2274099685E-07 -0.5194960460E-08 -0.1178164570E-06  0.1401678773E-15 -0.1259990431E-06 -0.1348163257E-06  0.1041870715E-05 -0.2702761387E-15  0.4222345561E-07 -0.8035586595E-08 -0.8177173071E-06 -0.3002853274E-06 -0.1542241541E-06  0.4670824403E-07  0.0000000000E+00 -0.1328511584E-05  0.6694445318E-16 -0.8930458612E-07  0.7758688233E-07  0.1544392753E-15  0.1894004507E-15  0.3057435526E-16 -0.1545723211E-16  0.1389381049E-07 -0.8497193620E-07 -0.1428229370E-15  0.9083584786E-07 -0.2714240970E-14  0.0000000000E+00  0.9742421337E-07  0.1388686095E-17  0.1162384283E-07 -0.6356913822E-15  0.3817869415E-16  0.2512713070E-07 -0.2481705754E-06  0.1261775331E-16 -0.3474745689E-07 -0.7688193858E-07  0.4442171210E-15
   13            0.1737495529E+01  0.3790399616E-06  0.1764557759E-05 -0.5170412720E-07  0.7148316783E-07 -0.7904787935E-13  0.2125537346E-07  0.5040412532E-13  0.3532914894E-07 -0.7184939581E-06  0.4042357613E-06 -0.6212979331E-07  0.2664535259E-13  0.2511280073E-10 -0.3514966096E-11 -0.1362135013E-05  0.4554074895E-09  0.5182925200E-09  0.3217426325E-12  0.1502754809E-08 -0.5506706202E-13  0.1287858709E-10  0.1061996457E-06  0.5704325901E-12 -0.1936626512E-06  0.7186672655E-06 -0.7257527912E-12  0.9999944398E+00  0.1000008938E+01  0.9999743023E+00  0.9999905702E+00  0.9999832941E+00  0.1000000000E+01  0.9999631837E+00  0.1000002023E+01  0.1000077526E+01  0.1000000000E+01  0.1000003481E+01  0.1000003186E+01  0.1000044796E+01  0.9998848442E+00  0.9986279192E+00  0.9997242406E+00  0.1000000000E+01  0.1000007879E+01  0.1000000000E+01  0.9999888328E+00  0.1000014097E+01  0.1000000000E+01  0.1000000000E+01  0.1000000000E+01  0.1000000000E+01  0.1000003747E+01  0.9999939040E+00  0.1000000000E+01  0.1000011786E+01  0.1000000000E+01  0.1000000000E+01  0.1000019741E+01  0.1000000000E+01  0.9999951198E+00  0.1000000000E+01  0.1000000000E+01  0.1000001620E+01  0.9996036125E+00  0.1000000000E+01  0.9999866483E+00  0.9999881337E+00  0.1000000000E+01  0.3797506219E-07 -0.6234285558E-07 -0.1799680660E-07  0.4328664506E-08  0.1003157742E-06  0.2220310524E-15  0.1083315141E-06  0.1164253377E-06  0.5355624127E-06  0.3857912839E-15 -0.3730544416E-06  0.6773822478E-08 -0.3629947297E-06 -0.1434306497E-06 -0.1914007433E-06  0.5669838923E-09  0.0000000000E+00  0.1106156245E-05 -0.5889912842E-16  0.7606656030E-07 -0.6637404875E-07  0.3593059116E-16  0.6631507670E-16 -0.3933706624E-16 -0.2502318398E-16 -0.1013577313E-07  0.7473262608E-07  0.1432063314E-16 -0.7747037294E-07 -0.1163250759E-13  0.0000000000E+00 -0.8455237869E-07 -0.4987869608E-16 -0.7634400860E-08  0.2700252533E-15 -0.5405455012E-15 -0.2060797962E-07 -0.3599739901E-06  0.1727771499E-15  0.3260164122E-07  0.6583151391E-07 -0.9647506160E-16
   14            0.1737495421E+01  0.3155842256E-06  0.1470146028E-05  0.4311085267E-07 -0.5960301097E-07  0.8637535132E-13 -0.1773108371E-07 -0.4352074257E-13 -0.2933044130E-07  0.5990833407E-06 -0.3437741090E-06  0.5180385831E-07 -0.3119726699E-13 -0.2654010345E-10 -0.1483702050E-11  0.1135704705E-05 -0.3848562580E-09 -0.4379744345E-09 -0.5780931289E-12 -0.1270007433E-08 -0.9447997940E-13 -0.8007816632E-11  0.1241395209E-08 -0.4715117186E-12  0.1614693350E-06 -0.5992307321E-06 -0.5666578318E-12  0.9999944778E+00  0.1000008875E+01  0.9999742843E+00  0.9999905746E+00  0.9999833945E+00  0.1000000000E+01  0.9999632920E+00  0.1000002140E+01  0.1000078061E+01  0.1000000000E+01  0.1000003108E+01  0.1000003193E+01  0.1000044433E+01  0.9998847008E+00  0.9986277278E+00  0.9997242411E+00  0.1000000000E+01  0.1000008985E+01  0.1000000000E+01  0.9999889089E+00  0.1000014031E+01  0.1000000000E+01  0.1000000000E+01  0.1000000000E+01  0.1000000000E+01  0.1000003737E+01  0.9999939788E+00  0.1000000000E+01  0.1000011708E+01  0.1000000000E+01  0.1000000000E+01  0.1000019656E+01  0.1000000000E+01  0.9999951122E+00  0.1000000000E+01  0.1000000000E+01  0.1000001600E+01  0.9996032525E+00  0.1000000000E+01  0.9999866809E+00  0.9999881995E+00  0.1000000000E+01 -0.3088616978E-07  0.5178453285E-07  0.1566472825E-07 -0.3625660098E-08 -0.8266892496E-07 -0.1929261351E-15 -0.8861580033E-07 -0.9494637560E-07  0.9513336515E-06 -0.2029721985E-15 -0.2301696343E-07 -0.5625210184E-08 -0.7332483258E-06 -0.2878830435E-06 -0.2566100138E-06  0.2066485371E-07  0.0000000000E+00 -0.9214483307E-06  0.1638897351E-15 -0.6265875206E-07  0.5450678263E-07  0.3942253275E-16 -0.9042957304E-16  0.5944553740E-16 -0.2648244085E-16  0.9441243350E-08 -0.6010866295E-07 -0.8308072665E-16  0.6377109776E-07  0.9324818570E-14  0.0000000000E+00  0.6869140807E-07  0.5824284057E-17  0.7674815284E-08 -0.9619826722E-16  0.2074718175E-15  0.1741074068E-07 -0.2905805742E-06 -0.2406259721E-15 -0.2503476875E-07 -0.5402488532E-07  0.2075177255E-15
   15            0.1737495510E+01  0.2613440432E-06  0.1222518488E-05 -0.3586798647E-07  0.4958885613E-07 -0.5762057498E-13  0.1474381506E-07  0.3486100297E-13  0.2460449822E-07 -0.4984280029E-06  0.2792437854E-06 -0.4310046264E-07  0.1798561300E-13  0.1661759619E-10 -0.3478994870E-11 -0.9449367552E-06  0.3190612219E-09  0.3631268619E-09  0.2366995489E-12  0.1052724574E-08 -0.2220446049E-13  0.9628520203E-11  0.4700137102E-07  0.3952393968E-12 -0.1343480097E-06  0.4985504776E-06 -0.8425482534E-12  0.9999944469E+00  0.1000008927E+01  0.9999743000E+00  0.9999905709E+00  0.9999833118E+00  0.1000000000E+01  0.9999632034E+00  0.1000002045E+01  0.1000079012E+01  0.1000000000E+01  0.1000003085E+01  0.1000003187E+01  0.1000043700E+01  0.9998844129E+00  0.9986274712E+00  0.9997242618E+00  0.1000000000E+01  0.1000008063E+01  0.1000000000E+01  0.9999888462E+00  0.1000014085E+01  0.1000000000E+01  0.1000000000E+01  0.1000000000E+01  0.1000000000E+01  0.1000003746E+01  0.9999939186E+00  0.1000000000E+01  0.1000011772E+01  0.1000000000E+01  0.1000000000E+01  0.1000019725E+01  0.1000000000E+01  0.9999951198E+00  0.1000000000E+01  0.1000000000E+01  0.1000001617E+01  0.9996029619E+00  0.1000000000E+01  0.9999866559E+00  0.9999881455E+00  0.1000000000E+01  0.2612750511E-07 -0.4278067560E-07 -0.1227815943E-07  0.2964199856E-08  0.6890670821E-07  0.6078833227E-15  0.7447261644E-07  0.8007315142E-07  0.5724412905E-06 -0.2220513812E-15 -0.3048130254E-06  0.4645823684E-08 -0.4084853747E-06 -0.1899534739E-06 -0.1825156524E-06  0.1238240579E-07  0.0000000000E+00  0.7672097496E-06  0.2632074633E-17  0.5224794777E-07 -0.4561183800E-07  0.0000000000E+00  0.1823192568E-15  0.5579525357E-17 -0.8665763311E-17 -0.6874529835E-08  0.5147714676E-07  0.8465254471E-16 -0.5322486976E-07 -0.8121313978E-14  0.0000000000E+00 -0.5817879735E-07 -0.9998759262E-18 -0.5097282427E-08  0.6203073807E-16 -0.2893485451E-15 -0.1408552673E-07 -0.3307640852E-06 -0.3992856742E-16  0.2254281297E-07  0.4524305399E-07 -0.2923111188E-19
   16            0.1737495436E+01  0.2193476057E-06  0.1020199463E-05  0.2989705772E-07 -0.4133434939E-07  0.5795364189E-13 -0.1229749291E-07 -0.3008704397E-13 -0.2009138378E-07  0.4154619968E-06 -0.2396127075E-06  0.3592557762E-07 -0.2098321517E-13 -0.1918265546E-10 -0.1783684311E-11  0.7876000327E-06 -0.2640214714E-09 -0.3004491100E-09 -0.3868017018E-12 -0.8713074706E-09 -0.5295763827E-13 -0.4974354262E-11  0.2810661459E-07 -0.3245181901E-12  0.1119768860E-06 -0.4155629743E-06 -0.6140643549E-12  0.9999944730E+00  0.1000008884E+01  0.9999742877E+00  0.9999905739E+00  0.9999833807E+00  0.1000000000E+01  0.9999632779E+00  0.1000002125E+01  0.1000079585E+01  0.1000000000E+01  0.1000002780E+01  0.1000003192E+01  0.1000043292E+01  0.9998842229E+00  0.9986272887E+00  0.9997242742E+00  0.1000000000E+01  0.1000008831E+01  0.1000000000E+01  0.9999888985E+00  0.1000014040E+01  0.1000000000E+01  0.1000000000E+01  0.1000000000E+01  0.1000000000E+01  0.1000003739E+01  0.9999939701E+00  0.1000000000E+01  0.1000011719E+01  0.1000000000E+01  0.1000000000E+01  0.1000019667E+01  0.1000000000E+01  0.9999951147E+00  0.1000000000E+01  0.1000000000E+01  0.1000001603E+01  0.9996026312E+00  0.1000000000E+01  0.9999866785E+00  0.9999881908E+00  0.1000000000E+01 -0.2121683462E-07  0.3574155557E-07  0.1092205214E-07 -0.2506575282E-08 -0.5695716508E-07 -0.3476803524E-15 -0.6095591342E-07 -0.6526180142E-07  0.9437233154E-06 -0.1928905598E-15 -0.8429344291E-07 -0.3881679034E-08 -0.7195332273E-06 -0.2798881108E-06 -0.2475643723E-06  0.2137815240E-07  0.0000000000E+00 -0.6391233305E-06 -0.1269312951E-16 -0.4316823535E-07  0.3752445763E-07  0.0000000000E+00  0.1248773067E-15 -0.1452140159E-16  0.4784798837E-16  0.6663400258E-08 -0.4118927994E-07  0.5764258345E-16  0.4392472525E-07  0.6393575897E-14  0.0000000000E+00  0.4717588334E-07 -0.1640143516E-16  0.5500518989E-08  0.2398378831E-15 -0.1491806678E-15  0.1207121899E-07 -0.3175425504E-06  0.5473590325E-16 -0.1695661262E-07 -0.3718711932E-07 -0.4833566808E-16
   17            0.1737495498E+01  0.1812987526E-06  0.8485783767E-06 -0.2488329531E-07  0.3440199015E-07 -0.4130029652E-13  0.1022671392E-07  0.2398081733E-13  0.1702341890E-07 -0.3457811999E-06  0.1923623414E-06 -0.2990079440E-07  0.1176836406E-13  0.1040878495E-10 -0.3290812067E-11 -0.6555549681E-06  0.2200359894E-09  0.2504327856E-09  0.1618705170E-12  0.7261442558E-09 -0.8326672685E-14  0.7335243524E-11  0.4861027847E-07  0.2726707748E-12 -0.9320481309E-07  0.3458658502E-06 -0.8153477893E-12  0.9999944518E+00  0.1000008920E+01  0.9999742986E+00  0.9999905714E+00  0.9999833237E+00  0.1000000000E+01  0.9999632169E+00  0.1000002059E+01  0.1000080529E+01  0.1000000000E+01  0.1000002696E+01  0.1000003188E+01  0.1000042572E+01  0.9998839430E+00  0.9986270411E+00  0.9997242956E+00  0.1000000000E+01  0.1000008191E+01  0.1000000000E+01  0.9999888553E+00  0.1000014077E+01  0.1000000000E+01  0.1000000000E+01  0.1000000000E+01  0.1000000000E+01  0.1000003746E+01  0.9999939289E+00  0.1000000000E+01  0.1000011763E+01  0.1000000000E+01  0.1000000000E+01  0.1000019714E+01  0.1000000000E+01  0.9999951202E+00  0.1000000000E+01  0.1000000000E+01  0.1000001615E+01  0.9996023136E+00  0.1000000000E+01  0.9999866615E+00  0.9999881536E+00  0.1000000000E+01  0.1826917543E-07 -0.2967367410E-07 -0.8357040078E-08  0.2049158019E-08  0.4794182557E-07 -0.1929261351E-15  0.5196074061E-07  0.5593309898E-07  0.6601187925E-06  0.4631827921E-15 -0.2741769215E-06  0.3222624377E-08 -0.4783568201E-06 -0.2089397325E-06 -0.2054094380E-06  0.1256329393E-07  0.0000000000E+00  0.5321651289E-06  0.4257730520E-16  0.3635730284E-07 -0.3177695022E-07  0.4593630463E-16 -0.2642413207E-15 -0.9891309679E-16 -0.8344555877E-17 -0.4541398975E-08  0.3614393550E-07 -0.1075061325E-15 -0.3704713910E-07 -0.5701721902E-14  0.0000000000E+00 -0.4069718885E-07 -0.1528967196E-16 -0.3238102786E-08 -0.7517321946E-15  0.7334377550E-15 -0.9703924512E-08 -0.3406706562E-06  0.1448084457E-16  0.1608927474E-07  0.3152816555E-07  0.3858408722E-15
   18            0.1737495447E+01  0.1527118979E-06  0.7081517384E-06  0.2073480521E-07 -0.2866711912E-07  0.3974598428E-13 -0.8530373741E-08 -0.2142730438E-13 -0.1388171533E-07  0.2881410588E-06 -0.1674604045E-06  0.2491582718E-07 -0.1509903313E-13 -0.1437083785E-10 -0.2165712054E-11  0.5462249650E-06 -0.1832511920E-09 -0.2085315254E-09 -0.2735589533E-12 -0.6048352930E-09 -0.3386180225E-13 -0.2832067914E-11  0.2852791003E-07 -0.2261524301E-12  0.7765923082E-07 -0.2882111567E-06 -0.6997735724E-12  0.9999944701E+00  0.1000008890E+01  0.9999742903E+00  0.9999905734E+00  0.9999833717E+00  0.1000000000E+01  0.9999632689E+00  0.1000002115E+01  0.1000081189E+01  0.1000000000E+01  0.1000002422E+01  0.1000003191E+01  0.1000042094E+01  0.9998837341E+00  0.9986268357E+00  0.9997243081E+00  0.1000000000E+01  0.1000008724E+01  0.1000000000E+01  0.9999888917E+00  0.1000014045E+01  0.1000000000E+01  0.1000000000E+01  0.1000000000E+01  0.1000000000E+01  0.1000003741E+01  0.9999939651E+00  0.1000000000E+01  0.1000011726E+01  0.1000000000E+01  0.1000000000E+01  0.1000019673E+01  0.1000000000E+01  0.9999951170E+00  0.1000000000E+01  0.1000000000E+01  0.1000001606E+01  0.9996019730E+00  0.1000000000E+01  0.9999866776E+00  0.9999881851E+00  0.1000000000E+01 -0.1471877817E-07  0.2485366806E-07  0.7632160395E-08 -0.1745259801E-08 -0.3957159387E-07 -0.6729038767E-16 -0.4231532595E-07 -0.4528913934E-07  0.1010820349E-05 -0.3184983551E-15 -0.1429770039E-06 -0.2699693341E-08 -0.7654226554E-06 -0.3084141834E-06 -0.2769810308E-06  0.2260047221E-07  0.0000000000E+00 -0.4433033812E-06  0.1959230466E-16 -0.2999058459E-07  0.2606015421E-07  0.4521323424E-16  0.1085089337E-15  0.1176447903E-15  0.5468998248E-16  0.4685365177E-08 -0.2853864815E-07  0.1124382615E-15  0.3051303348E-07  0.4339680592E-14  0.0000000000E+00  0.3272280484E-07  0.1544169938E-17  0.3895487935E-08  0.6033531924E-15 -0.2220513812E-15  0.8411778622E-08 -0.3702503655E-06  0.2654350854E-16 -0.1168992564E-07 -0.2582406322E-07 -0.2029518710E-15
   19            0.1737495490E+01  0.1256413251E-06  0.5895098535E-06 -0.1726081544E-07  0.2386349540E-07 -0.3064215548E-13  0.7091811360E-08  0.1620925616E-13  0.1185074794E-07 -0.2398559602E-06  0.1316332821E-06 -0.2074130867E-07  0.8437694987E-14  0.6133538122E-11 -0.3218758593E-11 -0.4547476695E-06  0.1530213734E-09  0.1741700117E-09  0.9992007222E-13  0.5049376472E-09 -0.3441691376E-14  0.5954348126E-11  0.5138028381E-07  0.1896260926E-12 -0.6465513969E-07  0.2399153065E-06 -0.8090195180E-12  0.9999944553E+00  0.1000008915E+01  0.9999742979E+00  0.9999905717E+00  0.9999833321E+00  0.1000000000E+01  0.9999632265E+00  0.1000002070E+01  0.1000082200E+01  0.1000000000E+01  0.1000002279E+01  0.1000003188E+01  0.1000041328E+01  0.9998834257E+00  0.9986265587E+00  0.9997243307E+00  0.1000000000E+01  0.1000008280E+01  0.1000000000E+01  0.9999888617E+00  0.1000014072E+01  0.1000000000E+01  0.1000000000E+01  0.1000000000E+01  0.1000000000E+01  0.1000003746E+01  0.9999939365E+00  0.1000000000E+01  0.1000011756E+01  0.1000000000E+01  0.1000000000E+01  0.1000019706E+01  0.1000000000E+01  0.9999951209E+00  0.1000000000E+01  0.1000000000E+01  0.1000001614E+01  0.9996016027E+00  0.1000000000E+01  0.9999866659E+00  0.9999881593E+00  0.1000000000E+01  0.1277896598E-07 -0.2054787350E-07 -0.5647815539E-08  0.1412446853E-08  0.3332612792E-07 -0.2456030778E-15  0.3624553153E-07  0.3907422774E-07  0.8724490910E-06  0.6278568648E-16 -0.2887929060E-06  0.2231349417E-08 -0.6411850606E-06 -0.2737948851E-06 -0.2607210788E-06  0.1782106792E-07  0.1010174872E-16  0.3690994314E-06  0.1795797750E-16  0.2527721247E-07 -0.2212650991E-07 -0.1144663538E-15 -0.4219544522E-16 -0.5195885819E-16  0.3585389494E-16 -0.2952206902E-08  0.2540932752E-07  0.4737553238E-16 -0.2576755147E-07 -0.4063825908E-14  0.0000000000E+00 -0.2848095973E-07 -0.5286798629E-17 -0.1981860928E-08  0.1926403462E-15 -0.9644782098E-16 -0.6655593624E-08 -0.4097931091E-06 -0.1147488474E-15  0.1153279419E-07  0.2196030336E-07 -0.6560777445E-15
   20            0.1737495454E+01  0.1068628496E-06  0.4928780237E-06  0.1438021680E-07 -0.1988169684E-07  0.2597921878E-13 -0.5918573964E-08 -0.1532107774E-13 -0.9562872716E-08  0.1998371625E-06 -0.1182084416E-06  0.1727988930E-07 -0.1099120794E-13 -0.1130373573E-10 -0.2636890706E-11  0.3788133092E-06 -0.1270010763E-09 -0.1445082942E-09 -0.2063904603E-12 -0.4191678116E-09 -0.1987299214E-13 -0.9793277300E-12  0.4048406232E-07 -0.1576516695E-12  0.5385711543E-07 -0.1998854415E-06 -0.7723821582E-12  0.9999944681E+00  0.1000008895E+01  0.9999742922E+00  0.9999905731E+00  0.9999833654E+00  0.1000000000E+01  0.9999632628E+00  0.1000002109E+01  0.1000083072E+01  0.1000000000E+01  0.1000001990E+01  0.1000003190E+01  0.1000040687E+01  0.9998831519E+00  0.9986262980E+00  0.9997243485E+00  0.1000000000E+01  0.1000008649E+01  0.1000000000E+01  0.9999888870E+00  0.1000014049E+01  0.1000000000E+01  0.1000000000E+01  0.1000000000E+01  0.1000000000E+01  0.1000003743E+01  0.9999939619E+00  0.1000000000E+01  0.1000011731E+01  0.1000000000E+01  0.1000000000E+01  0.1000019678E+01  0.1000000000E+01  0.9999951189E+00  0.1000000000E+01  0.1000000000E+01  0.1000001607E+01  0.9996011929E+00  0.1000000000E+01  0.9999866774E+00  0.9999881812E+00  0.1000000000E+01 -0.1019252179E-07  0.1727092867E-07  0.5341758102E-08 -0.1215192707E-08 -0.2746285930E-07  0.6515406986E-15 -0.2933172715E-07 -0.3137794748E-07  0.1315391788E-05 -0.4823280433E-16 -0.2451590361E-06 -0.1876528814E-08 -0.9895445535E-06 -0.4076152557E-06 -0.3721507053E-06  0.2869534307E-07  0.8989227012E-17 -0.3074644522E-06 -0.1381821141E-16 -0.2081256637E-07  0.1807508177E-07  0.3327199006E-15  0.1507041672E-15  0.1199531947E-15  0.1956393255E-16  0.3308879433E-08 -0.1972597083E-07  0.1899983793E-16  0.2117189321E-07  0.2845914163E-14  0.0000000000E+00  0.2265522835E-07  0.9847101167E-17  0.2778729257E-08 -0.1743420410E-15 -0.8187503355E-16  0.5863637314E-08 -0.5151734309E-06  0.2411628149E-16 -0.8019089723E-08 -0.1790963677E-07  0.3475971014E-15
   21            0.1737495484E+01  0.8690031412E-07  0.4118514325E-06 -0.1197198718E-07  0.1655128790E-07 -0.1942890293E-13  0.4915078344E-08  0.1043609643E-13  0.8247780237E-08 -0.1663586284E-06  0.8821560393E-07 -0.1438603536E-07  0.3330669074E-14  0.3259170711E-11 -0.3010702798E-11 -0.3154245800E-06  0.1063411581E-09  0.1210516132E-09  0.3952393968E-13  0.3508882074E-09 -0.4107825191E-14  0.5609734899E-11  0.6522796636E-07  0.1305622277E-12 -0.4484729244E-07  0.1664007778E-06 -0.6439293543E-12  0.9999944579E+00  0.1000008912E+01  0.9999742976E+00  0.9999905719E+00  0.9999833380E+00  0.1000000000E+01  0.9999632335E+00  0.1000002078E+01  0.1000084387E+01  0.1000000000E+01  0.1000001745E+01  0.1000003189E+01  0.1000039698E+01  0.9998827443E+00  0.9986259258E+00  0.9997243772E+00  0.1000000000E+01  0.1000008342E+01  0.1000000000E+01  0.9999888661E+00  0.1000014067E+01  0.1000000000E+01  0.1000000000E+01  0.1000000000E+01  0.1000000000E+01  0.1000003747E+01  0.9999939422E+00  0.1000000000E+01  0.1000011752E+01  0.1000000000E+01  0.1000000000E+01  0.1000019700E+01  0.1000000000E+01  0.9999951217E+00  0.1000000000E+01  0.1000000000E+01  0.1000001613E+01  0.9996006778E+00  0.1000000000E+01  0.9999866694E+00  0.9999881633E+00  0.1000000000E+01  0.8868046709E-08 -0.1418150744E-07 -0.3846369109E-08  0.9712973702E-09  0.2304906396E-07 -0.2292627006E-29  0.2511494780E-07  0.2709472071E-07  0.1526316664E-05 -0.1446653787E-15 -0.4191385007E-06  0.1539141117E-08 -0.1132688561E-05 -0.4813143038E-06 -0.4512717497E-06  0.3198372476E-07 -0.3985376625E-17  0.2559923241E-06 -0.2926704818E-16  0.1748347061E-07 -0.1531758666E-07 -0.8596943385E-16 -0.1858753486E-15 -0.1559100754E-15  0.2044551463E-16 -0.1966411822E-08  0.1767992152E-07  0.1681532189E-16 -0.1782722920E-07 -0.3064513002E-14  0.0000000000E+00 -0.1977043667E-07  0.3069985426E-16 -0.1270272238E-08 -0.5799837803E-15 -0.2602029703E-15 -0.4567795962E-08 -0.6717602807E-06  0.1018915956E-15  0.8098025757E-08  0.1520472275E-07  0.3520581296E-15
   22            0.1737495460E+01  0.7627717159E-07  0.3494715246E-06  0.9973981863E-08 -0.1379017167E-07  0.1887379142E-13 -0.4110690011E-08 -0.1121325255E-13 -0.6583121492E-08  0.1386109812E-06 -0.8661932516E-07  0.1198516464E-07 -0.8770761895E-14 -0.8683498365E-11 -0.2404854094E-11  0.2627195854E-06 -0.8756617653E-10 -0.9961775849E-10 -0.1953992523E-12 -0.2892418527E-09 -0.1754152379E-13  0.1534106175E-11  0.7267952817E-07 -0.1084687895E-12  0.3735041498E-07 -0.1386429123E-06 -0.4338751580E-12  0.9999944668E+00  0.1000008898E+01  0.9999742937E+00  0.9999905729E+00  0.9999833610E+00  0.1000000000E+01  0.9999632586E+00  0.1000002105E+01  0.1000085914E+01  0.1000000000E+01  0.1000001326E+01  0.1000003190E+01  0.1000038565E+01  0.9998822630E+00  0.9986254746E+00  0.9997244092E+00  0.1000000000E+01  0.1000008598E+01  0.1000000000E+01  0.9999888836E+00  0.1000014052E+01  0.1000000000E+01  0.1000000000E+01  0.1000000000E+01  0.1000000000E+01  0.1000003745E+01  0.9999939599E+00  0.1000000000E+01  0.1000011734E+01  0.1000000000E+01  0.1000000000E+01  0.1000019681E+01  0.1000000000E+01  0.9999951204E+00  0.1000000000E+01  0.1000000000E+01  0.1000001609E+01  0.9996000060E+00  0.1000000000E+01  0.9999866775E+00  0.9999881785E+00  0.1000000000E+01 -0.7329360430E-08  0.1208125109E-07  0.3517492237E-08 -0.8431394402E-09 -0.1941019551E-07  0.2371692252E-19 -0.2093221701E-07 -0.2248993765E-07  0.2626674556E-05  0.3521486312E-15 -0.5770138241E-06 -0.1314718630E-08 -0.1967550582E-05 -0.8312583276E-06 -0.7670921542E-06  0.5649830914E-07 -0.5251000195E-17 -0.2132119505E-06 -0.3090455838E-16 -0.1471739678E-07  0.1283253162E-07 -0.3254786591E-15 -0.6028099984E-16  0.8176815838E-16 -0.1838963270E-17  0.2007749183E-08 -0.1439441160E-07 -0.3978144961E-16  0.1498585686E-07  0.1511728947E-14  0.0000000000E+00  0.1631211222E-07 -0.3623889846E-16  0.1536346319E-08  0.6982345522E-15 -0.1346095745E-15  0.4009440137E-08 -0.1079975530E-05 -0.3288928787E-16 -0.6246071232E-08 -0.1272758646E-07 -0.3186009036E-15
   23            0.1737495481E+01  0.5953600291E-07  0.3082328467E-06 -0.8300136467E-08  0.1147413009E-07 -0.1565414465E-13  0.3397041981E-08  0.5551115123E-14  0.5685616422E-08 -0.1153247025E-06  0.5249693813E-07 -0.9973799342E-08 -0.1443289932E-14  0.7174261185E-11  0.2823075107E-11 -0.2187216647E-06  0.7477107822E-10  0.8515810279E-10 -0.7804867863E-13  0.2465327942E-09 -0.1387778781E-13  0.8026246334E-11  0.1284288966E-06  0.8570921750E-13 -0.3110069058E-07  0.1153577338E-06  0.2057021220E-11  0.9999944595E+00  0.1000008910E+01  0.9999742973E+00  0.9999905720E+00  0.9999833416E+00  0.1000000000E+01  0.9999632376E+00  0.1000002082E+01  0.1000088540E+01  0.1000000000E+01  0.1000000749E+01  0.1000003189E+01  0.1000036597E+01  0.9998814317E+00  0.9986247075E+00  0.9997244657E+00  0.1000000000E+01  0.1000008385E+01  0.1000000000E+01  0.9999888689E+00  0.1000014065E+01  0.1000000000E+01  0.1000000000E+01  0.1000000000E+01  0.1000000000E+01  0.1000003747E+01  0.9999939455E+00  0.1000000000E+01  0.1000011749E+01  0.1000000000E+01  0.1000000000E+01  0.1000019697E+01  0.1000000000E+01  0.9999951220E+00  0.1000000000E+01  0.1000000000E+01  0.1000001613E+01  0.9995989260E+00  0.1000000000E+01  0.9999866713E+00  0.9999881658E+00  0.1000000000E+01  0.5751555397E-08 -0.9627624019E-08 -0.2907504489E-08  0.6674399920E-09  0.1537884868E-07 -0.9645290317E-16  0.1649111461E-07  0.1766325955E-07  0.4146050076E-05 -0.4631628868E-15 -0.1023664021E-05  0.1041238154E-08 -0.3092554454E-05 -0.1319611930E-05 -0.1229542812E-05  0.8765751822E-07  0.7358503841E-17  0.1775506698E-06  0.5563307803E-16  0.1165491648E-07 -0.1014504137E-07  0.1211868127E-15  0.1532175359E-15 -0.1123924012E-15  0.7705944227E-16 -0.1751379713E-08  0.1119882551E-07  0.1993165237E-16 -0.1186627918E-07 -0.2955892216E-14  0.0000000000E+00 -0.1279591250E-07 -0.1640130261E-16 -0.1411787447E-08  0.6704361403E-16  0.4586619973E-15 -0.3222278377E-08 -0.1767371824E-05 -0.3795087670E-16  0.4627994178E-08  0.1005343674E-07  0.6278148240E-16
   24            0.1737495464E+01  0.6025327950E-07  0.3131729748E-06  0.6921616391E-08 -0.9571399229E-08  0.1132427485E-13 -0.2871673455E-08 -0.1021405183E-13 -0.4592661473E-08  0.9621153496E-07 -0.7568915406E-07  0.8317297073E-08 -0.1176836406E-13  0.1697131324E-10  0.2020050793E-10  0.1822485158E-06 -0.5891631627E-10 -0.6694289567E-10 -0.3046451980E-12 -0.1947052519E-09 -0.2498001805E-13  0.8536060747E-11  0.1992698433E-06 -0.8026912468E-13  0.2590521198E-07 -0.9622706998E-07  0.9243938948E-11  0.9999944652E+00  0.1000008900E+01  0.9999742943E+00  0.9999905727E+00  0.9999833570E+00  0.1000000000E+01  0.9999632541E+00  0.1000002100E+01  0.1000092686E+01  0.1000000000E+01  0.9999997251E+00  0.1000003190E+01  0.1000033505E+01  0.9998801121E+00  0.9986234779E+00  0.9997245534E+00  0.1000000000E+01  0.1000008562E+01  0.1000000000E+01  0.9999888806E+00  0.1000014055E+01  0.1000000000E+01  0.1000000000E+01  0.1000000000E+01  0.1000000000E+01  0.1000003745E+01  0.9999939567E+00  0.1000000000E+01  0.1000011737E+01  0.1000000000E+01  0.1000000000E+01  0.1000019684E+01  0.1000000000E+01  0.9999951205E+00  0.1000000000E+01  0.1000000000E+01  0.1000001609E+01  0.9995971586E+00  0.1000000000E+01  0.9999866759E+00  0.9999881759E+00  0.1000000000E+01 -0.2867029040E-08  0.8760391986E-08  0.5211690777E-08 -0.7279263911E-09 -0.1162715101E-07  0.4968237508E-15 -0.1011810474E-07 -0.9748958729E-08  0.3762923153E-05 -0.2119790598E-15 -0.8635843499E-06 -0.9513684434E-09 -0.2805798826E-05 -0.1137297220E-05 -0.1061803933E-05  0.7798157499E-07 -0.5271629096E-17 -0.1483671512E-06 -0.1884285067E-16 -0.8736324892E-08  0.6976799919E-08 -0.1597836716E-15 -0.1446732138E-15  0.1155376616E-15  0.2048925420E-16  0.5156042565E-08 -0.3155670825E-08 -0.5256715358E-16  0.8698497911E-08  0.5672892053E-15  0.0000000000E+00  0.6114610545E-08  0.1427322717E-16  0.6090001816E-08 -0.2340985949E-15  0.3039217561E-15  0.4102529364E-08 -0.1555480929E-05  0.7959158292E-17  0.3003484438E-08 -0.6781417635E-08  0.3635883588E-19
   25            0.1737495472E+01  0.1216117942E-07  0.1898603357E-06  0.4117282071E-09 -0.5708756801E-09  0.2664535259E-14 -0.1930831051E-09 -0.4107825191E-14  0.4019027333E-09  0.5745312781E-08 -0.2294243795E-07  0.4947899868E-09 -0.6883382753E-14  0.8109735106E-11  0.8578027177E-11  0.1074847056E-07 -0.2127298337E-11 -0.2318700787E-11 -0.2272626531E-12 -0.7293499138E-11 -0.2187139359E-13  0.9237055565E-11  0.1879782090E-06 -0.2553512957E-14  0.1523741799E-08 -0.5743272524E-08  0.4711120383E-11  0.9999944637E+00  0.1000008905E+01  0.9999742970E+00  0.9999905723E+00  0.9999833510E+00  0.1000000000E+01  0.9999632489E+00  0.1000002095E+01  0.1000094616E+01  0.1000000000E+01  0.9999992823E+00  0.1000003189E+01  0.1000032066E+01  0.9998795290E+00  0.9986229335E+00  0.9997245934E+00  0.1000000000E+01  0.1000008486E+01  0.1000000000E+01  0.9999888761E+00  0.1000014058E+01  0.1000000000E+01  0.1000000000E+01  0.1000000000E+01  0.1000000000E+01  0.1000003747E+01  0.9999939551E+00  0.1000000000E+01  0.1000011742E+01  0.1000000000E+01  0.1000000000E+01  0.1000019687E+01  0.1000000000E+01  0.9999951237E+00  0.1000000000E+01  0.1000000000E+01  0.1000001612E+01  0.9995963611E+00  0.1000000000E+01  0.9999866774E+00  0.9999881724E+00  0.1000000000E+01  0.2852448883E-08  0.9077236817E-09  0.3965439756E-08 -0.2236511324E-09  0.1944713565E-08 -0.3184945435E-15  0.5465201203E-08  0.7432204592E-08  0.2068590049E-05  0.5259660698E-15 -0.4929102798E-06 -0.9502909978E-10 -0.1534402692E-05 -0.5818635666E-06 -0.5409769588E-06  0.4315673460E-07  0.1834330270E-16 -0.9358872868E-08 -0.2512139881E-16  0.1586643244E-08 -0.2272775622E-08  0.3154031946E-15  0.7485354903E-16 -0.5092981402E-17  0.2553702425E-16  0.5302252093E-08  0.9045819178E-08  0.1632294705E-16 -0.1887521942E-08 -0.4100701537E-15  0.0000000000E+00 -0.6722888835E-08 -0.4363253000E-17  0.7033362973E-08 -0.2112050887E-17 -0.7715961733E-15  0.1956190383E-08 -0.8522863817E-06 -0.5659571166E-16  0.1002489983E-07  0.2446835111E-08 -0.2895095308E-15
   26            0.1737495473E+01  0.5689246684E-08  0.9910311265E-07 -0.3649115454E-09  0.5040672324E-09  0.4884981308E-14  0.1385160875E-09 -0.1443289932E-14  0.1699385521E-08 -0.5061638886E-08 -0.7035771077E-08 -0.4383642338E-09 -0.1110223025E-15 -0.1016742246E-11 -0.5722089469E-12 -0.9679422042E-08  0.2252198428E-11  0.2619238160E-11 -0.9159339953E-13  0.7266853785E-11 -0.3441691376E-14  0.4589439939E-11  0.9809013690E-07  0.1776356839E-13 -0.1375529579E-08  0.5055673213E-08  0.5129230374E-12  0.9999944666E+00  0.1000008906E+01  0.9999743010E+00  0.9999905721E+00  0.9999833530E+00  0.1000000000E+01  0.9999632544E+00  0.1000002102E+01  0.1000096684E+01  0.1000000000E+01  0.9999987894E+00  0.1000003189E+01  0.1000030532E+01  0.9998789471E+00  0.9986223926E+00  0.9997246365E+00  0.1000000000E+01  0.1000008477E+01  0.1000000000E+01  0.9999888777E+00  0.1000014056E+01  0.1000000000E+01  0.1000000000E+01  0.1000000000E+01  0.1000000000E+01  0.1000003753E+01  0.9999939641E+00  0.1000000000E+01  0.1000011740E+01  0.1000000000E+01  0.1000000000E+01  0.1000019681E+01  0.1000000000E+01  0.9999951307E+00  0.1000000000E+01  0.1000000000E+01  0.1000001613E+01  0.9995955089E+00  0.1000000000E+01  0.9999866875E+00  0.9999881748E+00  0.1000000000E+01  0.2765289179E-08 -0.3566603171E-09  0.2670664285E-08 -0.9203555872E-10  0.3121909458E-08  0.1110223554E-15  0.5893541285E-08  0.7500895114E-08  0.7929956389E-08 -0.3667188444E-15 -0.6739371714E-08  0.4354662836E-10  0.2263750707E-08  0.5415606461E-07  0.5462284939E-07  0.6235138574E-09  0.1118510126E-18  0.7382703268E-08 -0.3239970693E-16  0.2453427792E-08 -0.2802694454E-08 -0.2271303074E-16 -0.1205618446E-15 -0.9668669500E-16  0.3546427826E-16  0.3811806859E-08  0.8015287013E-08  0.9223874882E-17 -0.2697693460E-08 -0.4400143619E-16  0.0000000000E+00 -0.6441924771E-08 -0.1112043519E-16  0.5135300013E-08  0.4982212202E-16  0.1355853168E-14  0.1108416897E-08  0.1025501577E-07  0.1171992744E-15  0.8082124243E-08  0.2924638037E-08  0.4778636834E-15
   27            0.1737495473E+01  0.1869064852E-08  0.9759827958E-08  0.2846938241E-09 -0.3932224546E-09  0.5995204333E-14 -0.1163037444E-09 -0.2220446049E-15  0.8140386143E-09  0.3953173455E-08 -0.1926753423E-08  0.3422064854E-09  0.2664535259E-14 -0.2537969834E-12  0.5884182031E-13  0.7485787767E-08 -0.4856781644E-11 -0.5529132707E-11  0.1310063169E-13 -0.1612465717E-10  0.2220446049E-14 -0.4026778910E-12  0.1416438522E-08  0.5329070518E-14  0.1067096411E-08 -0.3962700057E-08  0.1532107774E-13  0.9999944694E+00  0.1000008905E+01  0.9999743037E+00  0.9999905720E+00  0.9999833561E+00  0.1000000000E+01  0.9999632603E+00  0.1000002110E+01  0.1000096692E+01  0.1000000000E+01  0.9999987826E+00  0.1000003189E+01  0.1000030534E+01  0.9998790013E+00  0.9986224472E+00  0.9997246371E+00  0.1000000000E+01  0.1000008484E+01  0.1000000000E+01  0.9999888801E+00  0.1000014053E+01  0.1000000000E+01  0.1000000000E+01  0.1000000000E+01  0.1000000000E+01  0.1000003757E+01  0.9999939721E+00  0.1000000000E+01  0.1000011737E+01  0.1000000000E+01  0.1000000000E+01  0.1000019674E+01  0.1000000000E+01  0.9999951358E+00  0.1000000000E+01  0.1000000000E+01  0.1000001615E+01  0.9995955191E+00  0.1000000000E+01  0.9999866955E+00  0.9999881778E+00  0.1000000000E+01 -0.2028034589E-09  0.1954510729E-09 -0.3376645510E-10 -0.8256961485E-11 -0.3982424884E-09 -0.9645036207E-16 -0.5088049034E-09 -0.5890030699E-09  0.1312833666E-07  0.4003707417E-15 -0.2240825709E-08 -0.2070812379E-10 -0.9795285497E-08 -0.3396272834E-08 -0.3283020901E-08  0.2408260281E-09 -0.2825668378E-17 -0.6059252055E-08 -0.1224095165E-16 -0.3024922232E-09  0.2875136380E-09 -0.2844211110E-15 -0.1059891097E-15  0.4830182252E-16 -0.3847233251E-16 -0.8303032922E-10 -0.4787709617E-09  0.1374318804E-15  0.3185141088E-09  0.5812474271E-16  0.0000000000E+00  0.4522382575E-09  0.1401788214E-16 -0.1485151685E-09 -0.3865295965E-15 -0.1051931928E-14  0.1191130692E-10 -0.4915143358E-08  0.3914798314E-16 -0.3374946527E-09 -0.2901382705E-09 -0.3185939013E-15
