#sample_index coreradius cboot      boundu(9)  boundl(103) n_te       n_beta     n_dene     n_rnbeam   n_hfact    n_tfcth    n_fwalld   n_q        n_fradpwr  n_fstrcase n_fstrcond n_fiooic   n_fpsepr   n_flhthresh n_fimp(13) error_status error_id ifail
           0   0.607778   1.005828   1.057878   1.557842   0.029645   0.058849   0.114360   0.004841   0.514580   0.078980   0.081265   0.093834   0.475610   0.952360   0.785480   0.682890   1.000000   0.000000   0.006403             2      277     1
           1   0.661395   1.070795   1.166118   1.125464   0.029966   0.061062   0.118970   0.004528   0.509020   0.078980   0.088094   0.088211   0.499330   0.952360   0.785480   0.682890   1.000000   0.000001   0.007300             2      277     1
           2   0.680048   0.915929   1.081239   1.135588   0.029186   0.055861   0.108150   0.005319   0.533620   0.078980   0.072544   0.102120   0.441900   0.952360   0.785480   0.682890   1.000000   0.000001   0.005103             2      277     1
           3   0.689896   1.069312   1.136234   1.000002   0.029958   0.061011   0.118860   0.004535   0.512000   0.078980   0.087933   0.088336   0.498800   0.952360   0.785480   0.682890   1.000000   0.000001   0.007279             2      277     1
           4   0.699100   1.057067   1.101122   1.339908   0.029899   0.060591   0.117990   0.004592   0.514750   0.078980   0.086613   0.089374   0.494370   0.952360   0.785480   0.682890   1.000000   0.000000   0.007113             2      277     1
           5   0.726110   0.936888   1.184650   1.092611   0.029294   0.056550   0.109580   0.005203   0.534540   0.078980   0.074504   0.100130   0.449840   0.952360   0.785480   0.682890   1.000000   0.000001   0.005413             2      277     1
           6   0.730597   1.002716   1.184357   1.028182   0.029629   0.058744   0.114140   0.004857   0.525550   0.078980   0.080950   0.094111   0.474460   0.952360   0.785480   0.682890   1.000000   0.000001   0.006359             2      277     1
           7   0.730798   1.024227   1.125213   1.432796   0.029737   0.059471   0.115660   0.004750   0.522450   0.078980   0.083153   0.092211   0.482380   0.952360   0.785480   0.682890   1.000000   0.000000   0.006660             2      277     1
           8   0.764899   0.926916   1.112189   1.192753   0.029243   0.056221   0.108900   0.005258   0.539720   0.078980   0.073566   0.101070   0.446070   0.952360   0.785480   0.682890   1.000000   0.000001   0.005266             2      277     1
           9   0.785781   0.998847   1.176382   1.366920   0.029610   0.058614   0.113870   0.004876   0.531650   0.078980   0.080558   0.094456   0.473030   0.952360   0.785480   0.682890   1.000000   0.000001   0.006304             2      277     1
